0.193979
0.286638
0.359937
0.27898
0.243578
0.250118
0.304726
0.337861
0.337071
0.281702
0.335649
0.265037
0.421536
0.46884
0.415656
0.124508
-0.0286822
-0.166205
-0.350226
-0.633628
-0.588329
-0.651669
-0.604117
-0.414361
-0.00475442
0.238512
0.377619
0.428601
0.489362
0.405409
0.487041
0.584294
0.466227
0.456642
0.0883219
-0.142385
-0.209664
-0.287517
-0.2507
-0.280331
0.072637
0.226532
0.361157
0.568027
0.658127
0.768002
0.769899
0.642271
0.464049
0.377772
0.374008
0.15637
0.0110072
-0.0260447
-0.0564535
-0.119425
-0.225472
-0.297303
-0.418465
-0.353138
-0.0451625
0.0831704
0.314237
0.378524
0.237164
0.202514
0.182269
0.401221
0.354729
0.334092
0.383701
0.288519
0.407307
0.563507
0.480013
0.301447
0.200523
-0.157298
-0.261329
-0.459194
-0.650053
-0.702272
-0.690019
-0.56661
-0.262615
-0.0026792
0.139704
0.355686
0.442673
0.553587
0.589115
0.562133
0.614056
0.584896
0.376465
0.0796127
-0.0784376
-0.187119
-0.189644
-0.355967
-0.311796
-0.00549705
0.20322
0.425739
0.684413
0.758232
0.719945
0.720105
0.643011
0.506818
0.40529
0.328094
0.152201
0.127438
0.0455712
0.105548
-0.086406
-0.288675
-0.351932
-0.428668
-0.365545
-0.223037
-0.061601
0.0702975
0.252421
0.261814
0.231913
0.200383
0.315593
0.303467
0.306406
0.406714
0.228416
0.365609
0.549228
0.441438
0.325474
0.127784
-0.0221015
-0.407991
-0.549743
-0.642896
-0.674027
-0.629568
-0.459148
-0.213457
-0.0283885
-0.125039
0.223046
0.366143
0.57112
0.647073
0.596529
0.630174
0.55819
0.338502
0.192822
-0.0272255
-0.0822863
-0.276188
-0.348991
-0.342406
-0.107169
-0.0260908
0.478133
0.575557
0.828309
0.737927
0.756035
0.621616
0.616683
0.393409
0.368795
0.325629
0.179089
0.240793
0.165114
-0.0221438
-0.163957
-0.323431
-0.355341
-0.476234
-0.279273
-0.118376
-0.0791931
0.0833373
0.190628
0.341699
0.455442
0.243049
0.433261
0.393579
0.411747
0.404111
0.484337
0.49231
0.482406
0.384659
0.24253
-0.120711
-0.373844
-0.623517
-0.668813
-0.612639
-0.567542
-0.311037
-0.185718
-0.25117
-0.141364
0.0320525
0.379449
0.520777
0.717832
0.657764
0.586318
0.455999
0.332438
0.182067
0.058322
-0.199115
-0.357461
-0.353583
-0.346394
-0.232829
0.182266
0.400296
0.604142
0.727456
0.814818
0.804338
0.73503
0.700861
0.461089
0.431697
0.365956
0.291584
0.323466
0.108413
0.0189126
-0.115164
-0.445321
-0.538869
-0.472026
-0.35218
-0.324686
-0.140897
-0.0180503
0.0894331
0.369207
0.245364
0.256184
0.383298
0.47213
0.336305
0.495014
0.561758
0.517062
0.465448
0.367082
0.167143
-0.0717955
-0.424352
-0.528673
-0.498802
-0.462284
-0.376635
-0.352188
-0.26801
-0.196626
-0.111287
0.0247937
0.171907
0.525442
0.601183
0.586537
0.603109
0.357947
0.399139
0.246791
-0.123311
-0.179587
-0.382566
-0.357909
-0.415153
-0.138938
0.230217
0.322303
0.508589
0.719845
0.724907
0.733589
0.655427
0.691847
0.490561
0.335765
0.501263
0.617304
0.516098
0.32168
0.168166
-0.524437
-0.515356
-0.556121
-0.535174
-0.438188
-0.355987
-0.156805
-0.0468233
0.0727318
0.0566692
0.0943685
0.081793
0.348417
0.443993
0.529316
0.645539
0.665135
0.541996
0.508598
0.385324
0.0808529
-0.0604176
-0.313158
-0.371975
-0.51352
-0.392421
-0.353387
-0.373422
-0.466469
-0.393521
-0.314687
-0.08771
0.089773
0.345357
0.476918
0.449973
0.478319
0.370271
0.403054
0.162804
-0.0543467
-0.28421
-0.3081
-0.242916
-0.197606
-0.0462997
0.0590795
0.198482
0.286713
0.489493
0.551874
0.617655
0.50563
0.584105
0.348163
0.642874
0.729449
0.700187
0.551985
0.3483
-0.535248
-0.699834
-0.766821
-0.695064
-0.60409
-0.591372
-0.504698
-0.308947
-0.0908841
-0.194471
-0.137857
-0.0333684
-6.36373e-16
0.276745
0.413974
0.571259
0.635383
0.745184
0.631829
0.49859
0.440591
0.189902
0.0414385
0.0124963
-3.0186e-16
-0.27185
-0.34467
-0.320566
-0.367037
-0.504478
-0.388649
-0.342218
-0.196094
-0.0824442
0.129534
0.233119
0.334545
0.219346
0.034973
0.0074808
9.09198e-17
-0.311584
-0.280964
-0.251946
-0.297931
-0.151811
-0.124423
-0.0308607
0.205873
0.232026
0.164016
0.143879
1.47247e-15
0.212902
0.204044
0.378268
0.71236
0.818919
0.791142
0.525039
-0.227519
-0.479864
-0.706937
-0.762653
-0.788012
-0.639349
-0.607632
-0.467525
-0.361884
-0.39003
-0.131914
-0.0833602
-0.000741907
0.136118
0.283274
0.450185
0.460767
0.542354
0.502114
0.412287
0.414112
0.267057
0.172322
0.038065
-0.000647497
0.0275601
0.0382099
-0.123867
-0.22091
-0.33057
-0.390962
-0.338755
-0.225513
-0.280412
-0.152636
0.00524642
0.114347
0.264493
0.186305
0.133923
-0.0111077
-0.279671
-0.352725
-0.419584
-0.359556
-0.370595
-0.183309
0.06313
-0.0119258
0.260782
0.231332
0.139533
-0.00459177
-0.318939
0.0279251
0.120737
0.258138
0.729194
0.785216
0.756139
0.0729036
-0.13732
-0.361064
-0.520714
-0.672093
-0.761765
-0.740091
-0.701831
-0.55051
-0.509889
-0.435851
-0.242223
8.58737e-16
0.14214
0.238634
0.250551
0.539828
0.444849
0.469166
0.329515
0.248338
0.296412
0.220351
0.161887
-2.80314e-17
0.0647044
0.198141
0.0685003
-0.0336644
-0.0174757
-0.210434
-0.271357
-0.215511
-0.217344
-0.205573
-0.173885
0.0509818
0.12178
0.169116
0.0808844
-9.65858e-17
-0.256225
-0.372476
-0.495798
-0.384908
-0.233608
-0.215716
-0.00616471
-0.0967756
0.150143
0.179857
0.190286
-1.0381e-16
-0.29071
-0.502159
-0.0419247
0.106217
0.314333
0.51382
0.680813
0.434375
0.0797727
-0.251783
-0.409957
-0.521523
-0.546058
-0.541358
-0.694429
-0.611898
-0.546998
-0.610492
-0.541436
-0.343388
-0.16629
0.0341403
0.111419
0.127029
0.457728
0.488564
0.272739
0.177674
0.149455
0.112566
0.157144
0.175108
0.246724
0.322756
0.419586
0.414012
0.36081
0.267275
0.0772244
0.00793328
-0.00520351
-0.0799747
-0.113889
-0.0653006
0.122079
0.146559
0.0268438
-0.0604157
-0.388184
-0.452509
-0.60886
-0.554124
-0.380307
-0.120596
0.0502276
0.105129
0.0817731
0.241035
0.163161
-0.156705
-0.39947
-0.555944
-0.455431
-0.139298
-0.0682301
0.273599
0.503041
0.573453
0.429303
0.243303
-0.101114
-0.284278
-0.369254
-0.357143
-0.459631
-0.505101
-0.520144
-0.513057
-0.543981
-0.522908
-0.189434
-0.0924228
0.121049
0.133389
0.192752
0.293724
0.200403
0.101921
0.0516577
-0.0468026
0.0230563
-0.0432712
0.0828258
0.287105
0.418636
0.579909
0.559138
0.549322
0.50487
0.456888
0.438959
0.420004
0.203639
0.121205
0.0565695
0.0738158
0.0582164
0.00481221
-0.223372
-0.475745
-0.76996
-0.742875
-0.576867
-0.342862
-0.042831
0.284148
0.201978
0.303103
0.279136
0.0474196
-0.370318
-0.567208
-0.658477
-0.557852
-0.384318
-0.0154455
0.160228
0.607179
0.610682
0.479227
0.269161
-0.0398755
-0.164696
-0.209503
-0.324732
-0.474875
-0.505576
-0.494674
-0.553226
-0.481528
-0.414903
-0.134688
0.0236747
0.0680269
0.0882286
0.175745
0.251851
0.0628529
-0.0811055
-0.170074
-0.113697
-0.0938845
0.00128998
0.161309
0.413603
0.539446
0.56729
0.587803
0.681754
0.684953
0.548546
0.600197
0.60913
0.51831
0.474961
0.367812
0.291959
0.13646
-0.0657946
-0.290253
-0.601408
-0.836577
-0.72128
-0.639652
-0.299627
0.202552
0.469773
0.553607
0.44733
0.196138
-0.22029
-0.482199
-0.771742
-0.807564
-0.559232
-0.425813
-0.195982
0.595161
0.64116
0.612505
0.541111
0.4414
0.102579
0.0354718
-0.0787873
-0.100994
-0.36322
-0.455939
-0.40056
-0.406044
-0.333759
-0.168372
-0.131557
0.0194529
0.0869415
0.139762
0.135175
0.219928
-0.102551
-0.293299
-0.270163
-0.259024
-0.146079
-0.0203791
0.111608
0.330918
0.467788
0.510324
0.683008
0.679086
0.717514
0.702968
0.677825
0.668587
0.674626
0.735738
0.566137
0.355948
0.148626
-0.0276128
-0.393025
-0.663259
-0.862861
-0.827202
-0.647067
-0.218095
0.29542
0.658081
0.640881
0.515442
0.123166
-0.225578
-0.665417
-0.77202
-0.753875
-0.584144
-0.452946
0.413202
0.489668
0.562837
0.584101
0.583066
0.469812
0.21541
0.0687548
0.0025279
-0.153947
-0.526901
-0.411693
-0.365135
-0.299331
-0.12245
0.0764383
0.0509427
0.0922406
0.140293
0.2082
0.153714
-0.12926
-0.222981
-0.415341
-0.356725
-0.351531
-0.41231
-0.0501442
0.211507
0.295728
0.418439
0.523689
0.631753
0.690238
0.752205
0.790649
0.738976
0.78173
0.801939
0.789445
0.488598
0.385826
0.147518
-0.111543
-0.501669
-0.846387
-0.814346
-0.780431
-0.434393
0.0950628
0.602532
0.683139
0.634354
0.481746
-0.0425083
-0.360914
-0.699741
-0.753963
-0.770722
-0.590505
0.333434
0.46746
0.456839
0.46811
0.497943
0.506336
0.468058
0.402797
0.257306
-0.0564992
-0.183141
-0.310695
-0.38164
-0.234413
-0.0760559
0.0653845
0.144461
0.210367
0.130878
0.261211
0.228561
0.0413234
-0.307305
-0.532598
-0.50162
-0.503376
-0.441716
-0.40926
-0.0483382
-0.00241112
0.131663
0.225852
0.532684
0.552745
0.784938
0.84671
0.849336
0.796245
0.89687
0.805755
0.846519
0.609351
0.450793
0.329203
-0.226359
-0.511513
-0.771179
-0.736238
-0.60553
-0.176424
0.228285
0.714864
0.907772
0.694095
0.265454
-0.107557
-0.524903
-0.757808
-0.697092
-0.824651
-0.148377
0.196113
0.313401
0.395178
0.468818
0.475325
0.406865
0.408902
0.412227
0.255873
0.0587912
-0.122319
-0.045667
-0.074856
-0.072611
0.00494879
0.151826
0.237714
0.239082
0.287952
0.345637
0.137932
-0.153823
-0.362701
-0.603778
-0.614981
-0.556921
-0.576969
-0.305007
-0.180813
0.00662772
0.0274645
0.0624543
0.25495
0.307742
0.633487
0.764632
0.790262
0.781785
0.893375
0.980067
0.897736
0.671506
0.477218
0.300758
-0.169191
-0.645271
-0.779009
-0.686251
-0.323455
0.142439
0.551518
0.735009
0.73666
0.598892
0.240823
-0.220112
-0.600346
-0.819483
-0.674637
-0.350576
-0.326389
-0.00326822
-0.00440433
0.0255341
0.256413
0.317971
0.225823
0.385827
0.385136
0.232524
0.165559
0.0757521
0.130151
0.100957
0.14973
0.096114
0.195192
0.274003
0.352945
0.300013
0.234219
-0.0443321
-0.298581
-0.46832
-0.530178
-0.593375
-0.674686
-0.448968
-0.299972
-0.110873
-0.0151888
0.0644019
0.154466
0.16866
0.214682
0.409281
0.652567
0.638787
0.696794
0.864711
1.00872
0.875186
0.716148
0.548694
0.264991
-0.322285
-0.584063
-0.592583
-0.583214
-0.0735092
0.41149
0.788075
0.775388
0.612652
0.516559
0.0449628
-0.319068
-0.635541
-0.699069
-0.478481
-0.439687
-0.352989
-0.169664
-0.172921
-0.161608
0.137767
0.208403
0.311431
0.300771
0.43276
0.259598
0.30197
0.319167
0.167443
0.238315
0.400644
0.390196
0.318496
0.249959
0.316602
0.27862
0.24451
-0.132476
-0.336123
-0.440634
-0.562057
-0.681154
-0.590752
-0.518304
-0.35769
-0.19387
-0.0475713
-0.035072
0.0707199
0.159621
0.186848
0.322189
0.389819
0.526628
0.66551
0.840938
0.890476
0.912853
0.699275
0.530493
-0.0566669
-0.273039
-0.421388
-0.43414
-0.279176
0.123345
0.605954
0.888539
0.710023
0.622976
0.544196
0.0891372
-0.280259
-0.460497
-0.486968
-0.500958
-0.536728
-0.377538
-0.294826
-0.308435
-0.25631
-0.151959
0.125423
0.117001
0.231675
0.29695
0.375353
0.402871
0.350046
0.260821
0.490055
0.547458
0.724471
0.605861
0.641161
0.456347
0.273439
0.0510951
-0.203277
-0.427239
-0.377772
-0.490133
-0.545457
-0.573973
-0.57262
-0.479586
-0.179892
-0.0587919
0.02182
0.0262676
0.120105
0.204664
0.210569
0.30919
0.447576
0.590117
0.814587
0.829644
0.760637
0.619035
0.252471
-0.0748452
-0.248077
-0.448663
-0.208386
0.00485241
0.317084
0.75464
0.655644
0.632358
0.547361
0.414499
0.0131597
-0.274645
-0.504755
-0.468362
-0.448486
-0.519553
-0.5049
-0.470145
-0.429698
-0.374508
-0.159868
-0.115702
0.00257552
0.088403
0.26583
0.432278
0.41295
0.365498
0.365977
0.565714
0.651695
0.774463
0.724291
0.643693
0.467272
0.219167
-0.0441891
-0.180894
-0.375724
-0.498636
-0.443641
-0.539161
-0.461824
-0.397757
-0.374318
-0.148182
-0.124917
-0.0128968
0.0730256
0.0570463
0.0191315
0.0805155
0.258658
0.333814
0.428751
0.587655
0.670605
0.582134
0.444388
0.0422699
-0.0219081
-0.164184
-0.0900101
0.0860665
0.239118
0.531441
0.724418
0.646337
0.564562
0.424432
0.381951
-0.235988
-0.43032
-0.365654
-0.428776
-0.439061
-0.434626
-0.513403
-0.445247
-0.482785
-0.51329
-0.467899
-0.400104
-0.183639
0
0.237109
0.344943
0.347788
0.307703
0.399439
0.524619
0.662416
0.705039
0.697267
0.627417
0.540975
0
0.0332577
-0.124295
-0.348191
-0.498096
-0.471965
-0.492577
-0.369124
-0.4263
-0.24654
-0.129294
-0.0244058
-0.0246514
0.0846795
0.0449772
-0.0305873
0
0.160762
0.30687
0.346676
0.564415
0.596628
0.441576
0.284846
-0.107461
-0.0897839
0.0318322
0.0816416
0.319653
0.350576
0.613069
0.713422
0.584109
0.456939
0.352846
0.0499046
-0.484786
-0.520654
-0.489299
-0.461751
-0.391256
-0.398086
-0.447842
-0.58341
-0.583968
-0.72628
-0.655039
-0.516852
-0.528722
-0.395939
-0.139132
0.0394429
0.309995
0.245758
0.348864
0.523915
0.619877
0.837241
0.733263
0.666377
0.507736
0.163843
0.0838164
0.0400486
-0.290314
-0.39526
-0.335901
-0.320549
-0.389334
-0.240151
-0.174161
-0.0850618
-0.0390431
0.0137272
0.073657
-0.0201306
-0.105932
-0.113647
-0.00153273
0.102938
0.18032
0.399696
0.424121
0.324314
0.0599286
-0.0709507
-0.00951415
0.160641
0.327892
0.430488
0.521565
0.659109
0.677022
0.517302
0.408331
0.21446
-0.392781
-0.518666
-0.504554
-0.46667
-0.44277
-0.39108
-0.396565
-0.517895
-0.659871
-0.713153
-0.697741
-0.534676
-0.534312
-0.618961
-0.308914
-0.260008
-0.117379
-0.0735653
-0.0489066
0.196113
0.410656
0.645977
0.71893
0.759229
0.610701
0.38797
0.266434
0.172762
0.0203382
-0.311997
-0.30173
-0.27278
-0.246727
-0.167843
-0.0148893
-0.0223297
-0.0460724
0.0207329
-0.0332672
-0.0207697
-0.10545
-0.211708
-0.198354
-0.149882
-0.0674386
-0.0232097
0.235734
0.123083
0.0636622
-0.0762814
-0.0929283
0.0751595
0.29173
0.386324
0.597039
0.488526
0.669401
0.444278
0.425794
0.317408
-0.182135
-0.407771
-0.487163
-0.541577
-0.531703
-0.484496
-0.478139
-0.432341
-0.520909
-0.654955
-0.785306
-0.716393
-0.627714
-0.636912
-0.526521
-0.421759
-0.353225
-0.331026
-0.215573
-0.112224
0.126901
0.297536
0.616731
0.740567
0.73233
0.593282
0.336871
0.229823
0.245257
-0.00817224
-0.240627
-0.107701
-0.144233
-0.131144
0.0670373
0.107982
0.0252173
0.0377328
0.0307753
-0.0487305
-0.0796928
-0.176315
-0.204415
-0.263907
-0.158625
-0.201578
-0.137835
-0.0773866
-0.104865
-0.0766046
-0.188771
-0.0104896
0.191023
0.389175
0.485034
0.65893
0.662601
0.611122
0.502994
0.364876
-0.03119
-0.271793
-0.400871
-0.480133
-0.456292
-0.51285
-0.523455
-0.447734
-0.502473
-0.606465
-0.75589
-0.825543
-0.600939
-0.577465
-0.471582
-0.380384
-0.380805
-0.451474
-0.419794
-0.373683
-0.102418
0.00838542
0.238551
0.394538
0.540403
0.751979
0.516872
0.380567
0.332562
0.154918
0.16369
-0.0934955
0.0254299
-0.0536484
0.0533971
0.156601
0.308546
0.30473
0.224855
0.2092
0.164152
-0.129226
-0.162942
-0.163711
-0.17974
-0.163767
-0.227107
-0.345322
-0.407713
-0.325272
-0.258264
-0.0814707
0
0.260001
0.391901
0.460953
0.636474
0.649415
0.679899
0.496076
0.202882
0.0560464
-0.214965
-0.361158
-0.499686
-0.346439
-0.48776
-0.613257
-0.420697
-0.592728
-0.69959
-0.784094
-0.711331
-0.557824
-0.474225
-0.324542
-0.332035
-0.352642
-0.430121
-0.507058
-0.411747
-0.22673
-0.162716
0.192415
0.45741
0.548288
0.519764
0.367365
0.358083
0.274843
0.19736
0.0563014
0.00226275
0.0841327
0.0921628
0.153819
0.357304
0.490574
0.487374
0.414809
0.290834
0.172717
-0.0395243
-0.124634
-0.132584
-0.115793
-0.166631
-0.304842
-0.525021
-0.450918
-0.491638
-0.159292
0
0.0885956
0.254461
0.401936
0.522599
0.569649
0.699617
0.700963
0.267568
0.264181
0.126012
-0.102836
-0.354979
-0.379733
-0.335726
-0.499095
-0.575848
-0.694847
-0.611544
-0.772759
-0.669796
-0.589172
-0.291281
-0.40406
-0.313588
-0.410689
-0.34995
-0.471085
-0.425454
-0.390585
-0.266823
-0.243646
0.16429
0.411911
0.501641
0.360599
0.35794
0.152903
0.291232
0.0793176
0.113481
0.0071054
0.133985
0.125737
0.342257
0.445991
0.595547
0.624048
0.528103
0.322992
0.255242
0.0683839
0.0331393
-0.0161604
-0.103165
-0.181945
-0.51893
-0.535525
-0.621292
-0.492114
0
-0.0314167
0.209194
0.255419
0.355473
0.410107
0.456225
0.600898
0.245601
0.269331
0.257097
0.156896
-0.00403608
-0.317562
-0.323756
-0.34162
-0.538021
-0.602403
-0.697072
-0.739381
-0.667487
-0.583545
-0.331727
-0.247587
-0.261468
-0.296432
-0.391074
-0.485549
-0.526694
-0.455994
-0.410559
-0.262046
-0.0967231
0.1573
0.492754
0.3769
0.381153
0.183379
0.0767789
0.0649908
-0.0270105
-0.0586325
0.0948305
0.0890312
0.202288
0.496032
0.643796
0.810072
0.723841
0.670789
0.545466
0.372993
0.218244
0.201708
0.11703
0.0657061
-0.0867314
-0.542262
-0.670394
-0.655125
-0.489183
-0.12974
0.0831351
0.179932
0.182322
0.233693
0.323513
0.41186
0.321187
0.425234
0.307269
0.300491
0.279202
0.105644
-0.0570587
-0.280111
-0.339022
-0.455099
-0.596789
-0.677876
-0.692135
-0.656656
-0.490933
-0.389542
-0.12958
-0.0736286
-0.247351
-0.340932
-0.399553
-0.375209
-0.325963
-0.349573
-0.309252
0.0254862
0.182513
0.400183
0.291757
0.41674
0.274033
0.106332
-0.0836089
-0.252462
-0.194201
-0.00399541
0.0739065
0.420562
0.46729
0.762091
0.923127
0.80981
0.8239
0.684601
0.680935
0.392317
0.317759
0.266738
0.198678
-0.112788
-0.30932
-0.45133
-0.487257
-0.348517
-0.0935852
-0.0608199
0.0714121
0.0123964
0.146728
0.221303
0.368774
0.388259
0.480578
0.407205
0.332735
0.382411
0.250701
0.128141
-0.0769822
-0.215389
-0.356944
-0.62594
-0.734324
-0.725669
-0.608866
-0.403205
-0.244664
-0.165582
-0.15136
-0.214502
-0.36277
-0.256746
-0.244687
-0.288185
-0.307363
-0.289251
-0.0599773
0.275937
0.366325
0.304063
0.269672
0.181061
0.130413
-0.102431
-0.273587
-0.248799
-0.186366
0.105572
0.401757
0.508459
0.853703
0.873054
0.841473
0.878307
0.731804
0.661305
0.504471
0.398076
0.372421
0.21752
-0.0061626
-0.251641
-0.273938
-0.266103
-0.158662
-0.183402
-0.174326
-0.01926
-0.0542327
0.0234586
0.29284
0.383498
0.475381
0.49958
0.419185
0.505151
0.405749
0.361672
0.151149
-0.00367674
-0.122915
-0.408162
-0.550531
-0.751773
-0.682034
-0.546066
-0.359804
-0.188224
-0.101968
-0.182764
-0.297731
-0.304713
-0.260493
-0.256775
-0.15677
-0.1969
-0.145101
-0.0359646
0.296124
0.351638
0.319602
0.291946
0.138258
0.10765
-0.304336
-0.385955
-0.36535
-0.149978
0.149808
0.290714
0.523211
0.82863
0.900162
0.870423
0.878726
0.747579
0.702597
0.64741
0.635277
0.414735
0.146848
0.0232577
-0.118375
-0.107364
-0.0739974
-0.13593
-0.279779
-0.206193
-0.0876262
-0.0940058
-0.0504544
0.172105
0.284387
0.466494
0.549021
0.576762
0.624332
0.539714
0.494684
0.259644
0.0738138
-0.165181
-0.364901
-0.563962
-0.63005
-0.563678
-0.345267
-0.26104
-0.116503
-0.157521
-0.250857
-0.273233
-0.234353
-0.216193
-0.281775
-0.196006
-0.165957
0.0101786
0.0737336
0.422067
0.401442
0.305615
0.152787
0.18206
-0.0764276
-0.429628
-0.379154
-0.283061
-0.260588
0.118282
0.137326
0.501929
0.699631
0.763455
0.762615
0.793545
0.825634
0.727397
0.710558
0.683164
0.420644
0.340093
0.0610622
-0.0532093
-0.0313688
0.0719215
-0.183466
-0.176987
-0.209819
-0.100937
-0.0744919
-0.0665164
0.0891633
0.21155
0.398214
0.512024
0.635459
0.723714
0.652815
0.51199
0.379955
0.266
0
-0.36069
-0.594164
-0.593287
-0.335565
-0.423975
-0.1982
-0.134291
-0.213905
-0.194179
-0.22021
-0.154047
-0.205291
-0.21176
-0.208143
-0.14796
0.0694027
0.307622
0.453395
0.395441
0.261993
0.227844
0.140583
-0.0694299
-0.326585
-0.322397
-0.278414
-0.301372
-0.122218
-0.016114
0.399521
0.673222
0.662362
0.699776
0.750731
0.714814
0.726629
0.766191
0.626862
0.498086
0.28942
0.247343
0.269504
0.0937044
-0.0142323
-0.188864
-0.140629
-0.16354
-0.188993
-0.136121
-0.025934
-0.0067495
0.076064
0.292163
0.457814
0.548309
0.588017
0.677288
0.567024
0.470739
0.180935
-0.0593198
-0.390564
-0.480134
-0.381756
-0.374811
-0.341051
-0.186928
-0.217301
-0.229619
-0.187688
-0.140218
-0.174595
-0.189212
-0.227513
-0.175217
-0.143896
0.019131
0.404002
0.370084
0.435056
0.269063
0.203367
0.108573
-0.0168789
-0.193956
-0.391075
-0.253512
-0.286936
-0.188708
-0.0906242
0.268138
0.473593
0.592993
0.594022
0.625456
0.640278
0.65943
0.598988
0.551366
0.452849
0.358434
0.32941
0.24896
0.211124
0.0685772
-0.148742
-0.104548
-0.255853
-0.218216
-0.146838
-0.134024
-0.119558
-0.0638868
0.158941
0.418
0.546852
0.546912
0.701604
0.550804
0.31502
0.153254
-0.186735
-0.325309
-0.270926
-0.341844
-0.365315
-0.361594
-0.365081
-0.229399
-0.159902
-0.107674
-0.104348
-0.135232
-0.229196
-0.164371
-0.157768
-0.0466459
0.219266
0.309853
0.349195
0.429485
0.419967
0.250173
0.0932316
0.1159
-0.0496724
-0.301814
-0.198621
-0.320745
-0.264754
-0.155566
0.0576452
0.261709
0.372457
0.432073
0.535333
0.564779
0.475148
0.495974
0.497906
0.514957
0.483886
0.349428
0.296306
0.23365
0.0206813
0.0294157
-0.419493
-0.286002
-0.294847
-0.195661
-0.183973
-0.202538
-0.102042
-0.0152335
0.225565
0.500135
0.617104
0.578197
0.336157
0.246601
-0.0411126
-0.214172
-0.24384
-0.292461
-0.273406
-0.345948
-0.386978
-0.311125
-0.125021
-0.0654656
0
-0.0790484
-0.150939
-0.198315
-0.133833
-0.136041
-0.017766
0.305379
0.327829
0.46238
0.512035
0.439845
0.353479
0.130737
0.107022
0.0395949
0
-0.248732
-0.393933
-0.188613
-0.0822994
0.0731603
-0.0246279
0.0782519
0.381484
0.507401
0.463641
0.455494
0.450205
0.542697
0.5738
0.533864
0.373153
0.370432
0.167252
0.0596218
-0.358677
-0.338648
-0.360339
-0.348774
-0.304759
-0.183122
-0.23143
-0.155231
-0.0431118
0.387177
0.613597
0.62676
0.462138
0.341328
0.00746356
0.037614
-0.232326
-0.233763
-0.292261
-0.302702
-0.352164
-0.350519
-0.279851
-0.135733
0
-0.0471887
-0.138424
-0.167131
-0.166778
-0.140191
-0.108111
0.0128846
0.260086
0.270242
0.372214
0.501867
0.304685
0.31737
0.164239
0.154585
0
-0.153881
-0.27397
-0.204271
-0.139601
-0.00132664
0.0190408
-0.139852
-0.0542578
0.253513
0.261446
0.357871
0.310139
0.444365
0.571162
0.63674
0.520977
0.46209
0.387495
0.242279
-0.412049
-0.365436
-0.38687
-0.452303
-0.373576
-0.349246
-0.258459
-0.123681
-0.110335
0.0651171
0.486879
0.52737
0.50499
0.357439
0.104253
0.197602
-0.0403496
-0.222463
-0.276429
-0.43492
-0.287132
-0.309458
-0.289495
-0.247942
-0.0821106
-0.0762488
-0.127952
-0.118687
-0.170374
-0.203371
-0.235279
-0.101195
0.0158284
0.218893
0.243369
0.509223
0.494461
0.420564
0.4431
0.314852
0.246908
0.118374
-0.234441
-0.279147
-0.19062
-0.238188
0.0858252
-0.117287
-0.246381
-0.228431
0.0398888
0.194542
0.231827
0.269341
0.492769
0.594757
0.631499
0.562031
0.519363
0.444337
-0.324091
-0.369805
-0.36627
-0.461964
-0.46224
-0.320575
-0.397241
-0.263354
-0.145267
-0.0206565
0.204225
0.437557
0.501665
0.415258
0.183743
0.216455
0.280571
-0.106284
-0.2304
-0.451385
-0.430557
-0.382603
-0.318027
-0.293985
-0.173986
-0.0634428
-0.136695
-0.146481
-0.200537
-0.234915
-0.285344
-0.297729
-0.110826
0.0141949
0.0776376
0.159393
0.444488
0.469177
0.373449
0.432831
0.265204
0.248707
-0.0231267
-0.110895
-0.133724
-0.199304
-0.132393
-0.059601
-0.223787
-0.284019
-0.283405
0.00218953
0.14843
0.196362
0.389775
0.41959
0.549378
0.564542
0.511783
0.49159
-0.284546
-0.39832
-0.282234
-0.295656
-0.466954
-0.514313
-0.40575
-0.355228
-0.244994
-0.0161733
0.0930362
0.122307
0.417399
0.46003
0.324694
0.255353
0.324665
0.296563
-0.150026
-0.302148
-0.371135
-0.431708
-0.473518
-0.356765
-0.145651
-0.0990449
-0.104309
-0.149625
-0.217117
-0.224966
-0.251988
-0.330105
-0.238926
-0.0982872
0.0120226
0.0464466
0.199631
0.326794
0.407626
0.43318
0.538059
0.405356
0.290742
0.0565763
0.00314404
-0.0983815
-0.221917
-0.146949
-0.178224
-0.325207
-0.382688
-0.227916
-0.0325292
0.0776939
0.181576
0.37436
0.436219
0.57084
0.594854
0.415065
-0.12378
-0.269243
-0.435944
-0.386194
-0.348711
-0.468706
-0.492789
-0.424192
-0.351794
-0.0450302
0.00571878
0.134683
0.12194
0.475842
0.370928
0.384876
0.317147
0.233061
0.167157
-0.277943
-0.398462
-0.328833
-0.462688
-0.434266
-0.322341
-0.152634
-0.0964127
-0.133252
-0.175041
-0.22439
-0.244112
-0.373668
-0.315027
-0.220528
-0.147864
-0.0341108
0.036378
0.105753
0.341587
0.452093
0.406103
0.545651
0.388665
0.343443
0.261626
0.0102337
-0.108834
-0.268822
-0.156421
-0.24113
-0.359498
-0.243436
-0.327078
-0.167942
0.0375041
0.159303
0.276134
0.377942
0.395431
0.551496
-0.0296918
-0.114095
-0.26731
-0.386423
-0.439068
-0.347615
-0.509043
-0.487023
-0.351188
-0.228154
-0.11222
0.0213006
0.0438022
0.368767
0.377602
0.40825
0.362542
0.290572
0.330018
-0.0791013
-0.277005
-0.412377
-0.420912
-0.430362
-0.404536
-0.310339
-0.168959
-0.0971399
-0.111102
-0.165514
-0.176975
-0.263442
-0.277721
-0.255701
-0.23313
-0.149734
-0.0578431
0.0589829
0.137178
0.345307
0.426713
0.446541
0.536196
0.402442
0.363308
0.211493
0.0447502
-0.161605
-0.229588
-0.138926
-0.210634
-0.283579
-0.358965
-0.201864
-0.147163
0.000629028
0.0903882
0.338224
0.367887
0.550111
0.164606
0.0186781
-0.0906903
-0.275727
-0.380506
-0.410234
-0.408735
-0.464256
-0.472695
-0.355938
-0.167497
-0.132815
-0.117113
0.219391
0.344058
0.427206
0.444845
0.348643
0.418403
0.123961
-0.26552
-0.455336
-0.51115
-0.402912
-0.486473
-0.400532
-0.278199
-0.152449
-0.160446
-0.175948
-0.165043
-0.206448
-0.270538
-0.278679
-0.258575
-0.254022
-0.118352
-0.0298788
0.0969369
0.181702
0.39499
0.406435
0.482157
0.57361
0.484893
0.390669
0.213655
0.113738
0.0144138
-0.0391141
-0.0452487
-0.207384
-0.206701
-0.202604
-0.1195
-0.0172801
-0.02264
0.0463931
0.230917
0.327485
0.172873
0.143218
-0.0197728
-0.170994
-0.288329
-0.333316
-0.34752
-0.492466
-0.555594
-0.439792
-0.302117
-0.189434
-0.134692
-0.0388982
0.238529
0.370135
0.467286
0.384166
0.407667
0.270082
-0.0523861
-0.42007
-0.507847
-0.515722
-0.381366
-0.35995
-0.2301
-0.131326
-0.146594
-0.125605
-0.122075
-0.178481
-0.250565
-0.301077
-0.269129
-0.215239
-0.23171
-0.13681
-0.123447
0.105143
0.258909
0.381502
0.47905
0.593848
0.5679
0.516321
0.364278
0.221975
0.190339
0.12277
-0.009974
0.00608593
-0.194165
-0.129126
-0.0209252
0.141562
0.165658
0.231118
0.114731
0.332763
0.323842
0.329022
0.30728
0.0784736
-0.122683
-0.275074
-0.398903
-0.39369
-0.497479
-0.549461
-0.473472
-0.253718
-0.288031
-0.212955
0.0635665
0.227211
0.43181
0.422046
0.445004
0.385156
0.0971526
-0.280806
-0.504137
-0.571935
-0.472075
-0.394629
-0.203541
-0.106973
-0.0885652
-0.0826675
-0.115124
-0.044732
-0.156123
-0.217407
-0.311578
-0.281608
-0.218327
-0.148489
-0.145916
-0.0495572
0.215064
0.340518
0.531333
0.594229
0.617027
0.537499
0.46741
0.338862
0.235019
0.103672
0.0275378
-0.0179563
0
-0.0769019
-0.0409177
0.208615
0.269136
0.343268
0.436927
0.376115
0.33747
0.350023
0.4585
0.340233
0.0702885
-0.029638
-0.305456
-0.404735
-0.439228
-0.502267
-0.553065
-0.425322
-0.246109
-0.29959
-0.0882151
0.145308
0.377267
0.41724
0.398155
0.449158
0.372753
-0.0106705
-0.317121
-0.597668
-0.512212
-0.422238
-0.232393
-0.101383
-0.0770323
-0.0534524
-0.0579733
-0.0900562
-0.0479225
-0.0728619
-0.170632
-0.2811
-0.23818
-0.175846
-0.240666
-0.175187
-0.0603795
0.195978
0.330759
0.567124
0.714432
0.551286
0.517053
0.396107
0.163674
0.0746745
0.00271386
-0.0435614
0
-0.0710776
-0.0968532
-0.0811053
0.088162
0.268812
0.281392
0.373014
0.298527
0.390805
0.446011
0.50275
0.374693
0.152943
0.0125954
-0.156988
-0.328969
-0.417886
-0.471938
-0.465428
-0.425764
-0.283951
-0.251914
0.056725
0.322465
0.374862
0.544198
0.443294
0.637984
0.228322
-0.207356
-0.339941
-0.543251
-0.378703
-0.224215
-0.128548
-0.00905104
-0.0239164
-0.0375898
-0.0552629
-0.103386
-0.0619916
-0.125276
-0.176063
-0.269191
-0.254499
-0.236243
-0.256052
-0.205843
0.0315618
0.219144
0.51228
0.722686
0.70608
0.586427
0.510893
0.373319
0.202056
0.0192541
-0.120655
0
0.00365317
-0.0918363
-0.0160533
-0.0513073
0.00963993
0.149657
0.361674
0.0998329
0.294511
0.346518
0.47044
0.577437
0.459735
0.22315
0.0130572
-0.123659
-0.229023
-0.467505
-0.386454
-0.404762
-0.385424
-0.281983
-0.0960461
0.209582
0.31352
0.417216
0.521541
0.447712
0.502075
-0.000980779
-0.369903
-0.429731
-0.339278
-0.317508
-0.0900674
-0.00179934
-0.0267244
-0.0171718
0.00259331
0.0153087
-0.00381524
-0.0628111
-0.0895989
-0.142276
-0.169049
-0.128134
-0.255033
-0.2573
-0.107821
0.214715
0.325333
0.643203
0.724865
0.612659
0.554812
0.322333
0.157306
0.051831
-0.178905
-0.32459
-0.173321
-0.105342
0.00363172
-0.139913
-0.135894
0.0130375
0.163968
-0.11027
-0.0210125
0.316259
0.387389
0.515861
0.583922
0.545688
0.416161
0.208038
0.00188834
-0.144332
-0.32482
-0.376791
-0.332436
-0.354472
-0.283812
0.0309384
0.267227
0.398897
0.529072
0.438901
0.537548
0.320643
-0.163247
-0.381431
-0.491143
-0.357449
-0.214444
0.0516974
-0.00212225
0.00416776
0.0316542
-0.00425674
0.0403172
0.00962014
-0.0502148
-0.0950376
-0.0730587
-0.122334
-0.153414
-0.195965
-0.165312
0.0707542
0.347251
0.540756
0.706025
0.80333
0.676181
0.343851
0.19156
0.0490941
-0.164841
-0.282388
-0.201143
-0.341047
-0.243244
-0.2149
-0.317567
-0.343378
-0.213594
-0.35807
-0.268664
-0.0803534
0.156779
0.328289
0.398856
0.425398
0.483256
0.399776
0.334757
0.0808364
-0.100392
-0.2192
-0.303858
-0.31267
-0.324365
-0.259044
-0.0348023
0.234552
0.324482
0.389673
0.366635
0.326167
-0.0268399
-0.301024
-0.298819
-0.374579
-0.380193
-0.206301
-0.0367005
0.0106191
-0.0119328
0.027281
0.0463154
0.0738919
0.0494604
0.0272061
0.00582574
0.0385982
-0.0569429
-0.12428
-0.183025
-0.0517005
0.119373
0.448675
0.586182
0.793097
0.748388
0.4934
0.217994
0.131862
-0.13415
-0.190251
-0.088544
-0.152753
-0.23926
-0.316727
-0.412358
-0.425013
-0.319436
-0.569264
-0.401421
-0.283211
-0.233845
0.0362775
0.202568
0.324059
0.328002
0.336393
0.223848
0.108391
0.0464576
0
-0.345381
-0.44679
-0.429355
-0.403604
-0.288905
0.0155732
0.275491
0.366708
0.370416
0.26132
0.100231
-0.12822
-0.220954
-0.197909
-0.178726
-0.261447
-0.294802
-0.185181
-0.0732353
-0.0199282
0.00771381
0.0474147
0.0671444
0.0386424
0.00154292
-0.0108196
0.0584477
-0.105357
-0.102179
-0.0248832
0.0769567
0.31804
0.498576
0.67434
0.748424
0.631754
0.416861
0.255077
0.0655958
-0.0696326
0.0652213
-0.0572339
-0.0284881
-0.0974169
-0.28974
-0.383694
-0.406404
-0.625249
-0.705972
-0.557315
-0.38596
-0.25831
-0.120742
0.200052
0.297075
0.347918
0.276332
0.262799
0.054656
0.0629654
0.00128521
-0.259416
-0.503913
-0.481531
-0.584665
-0.296897
0.0187668
0.293308
0.441145
0.240483
0.249119
0.0966758
-0.102255
-0.19735
-0.157075
-0.218433
-0.19377
-0.324312
-0.237296
-0.150417
-0.137324
-0.0687573
-0.0637456
-0.0231184
-0.00769607
-0.0496867
-0.0556116
0.000346298
-0.100819
-0.0325606
0.10133
0.169744
0.385928
0.543189
0.697048
0.769206
0.479829
0.360374
0.159241
0.0523184
0.255288
0.0811028
0.0672752
0.0136625
-0.20851
-0.296301
-0.369088
-0.572171
-0.651306
-0.75515
-0.614802
-0.427968
-0.313394
-0.0824358
0.0575993
0.222295
0.248916
0.271946
0.306259
0
0.0439121
-0.0164302
-0.245958
-0.392049
-0.54086
-0.625768
-0.324669
0.0738193
0.20208
0.209182
0.182624
0
-0.018046
-0.207784
-0.101842
-0.0634179
-0.162351
-0.257837
-0.356746
-0.283546
-0.156585
-0.149199
-0.114145
-0.103971
-0.0366877
-0.0297222
-0.0355028
0
-0.0884257
-0.0975675
-0.10782
0.146637
0.305068
0.407747
0.549449
0.734727
0.531585
0.489221
0.225535
0.163685
0.311218
0.450451
0.2118
0.193136
-0.00217655
-0.201217
-0.147854
-0.22953
-0.401498
-0.529964
-0.499172
-0.434701
-0.395457
-0.280731
-0.182813
-0.149774
0.0890389
0.26433
0.300429
0.213724
0.174039
0.10369
0.00715778
-0.267663
-0.542517
-0.477125
-0.564564
-0.387621
-0.0283995
0.192072
0.170129
0.155277
0.155133
0.0396157
-0.0380551
-0.0127433
-0.080826
-0.217247
-0.327582
-0.354459
-0.367968
-0.292618
-0.281156
-0.205243
-0.21075
-0.181395
-0.0985192
-0.0875109
-0.0604863
-0.118401
-0.0448031
-0.0612486
-0.0412773
0.202616
0.484376
0.513346
0.501283
0.50448
0.352304
0.253455
0.304855
0.46556
0.455674
0.316116
0.186935
-0.122225
-0.112787
-0.25005
-0.247391
-0.280422
-0.339279
-0.411604
-0.337485
-0.254565
-0.166352
-0.193977
-0.104933
0.271961
0.251328
0.387596
0.338029
0.288711
0.202392
-0.00990291
-0.370259
-0.466741
-0.5832
-0.458983
-0.239702
0.0185152
0.146183
0.252445
0.285802
0.199988
0.17519
0.103644
0.108323
0.12168
-0.0820353
-0.241396
-0.299482
-0.2601
-0.249261
-0.341173
-0.214466
-0.231372
-0.26327
-0.202713
-0.140635
-0.118743
-0.133136
-0.115823
-0.144572
-0.119119
0.163438
0.403615
0.370263
0.337314
0.310569
0.292576
0.392464
0.523652
0.631488
0.579889
0.326587
0.285053
0.164562
-0.160312
-0.258135
-0.237138
-0.263753
-0.248627
-0.276119
-0.255078
-0.202582
-0.279384
-0.360267
-0.0631643
0.172279
0.324788
0.447777
0.602174
0.452193
0.179951
-0.0357972
-0.322372
-0.477971
-0.381731
-0.422407
-0.253052
-0.0886111
0.11166
0.222367
0.261937
0.261648
0.256011
0.205932
0.18156
0.0598936
0.0069032
-0.142513
-0.239767
-0.213945
-0.127963
-0.280498
-0.222233
-0.227022
-0.21693
-0.200713
-0.179042
-0.19742
-0.101143
-0.211355
-0.265534
-0.183787
-0.0229603
0.179065
0.154477
0.17627
0.251822
0.342708
0.547916
0.668605
0.71788
0.549968
0.384074
0.35166
-0.051369
-0.157284
-0.289355
-0.262023
-0.152771
-0.193659
-0.196887
-0.21804
-0.169922
-0.341001
-0.254657
-0.181641
0.201039
0.37447
0.596468
0.628972
0.540065
0.251064
0.0692555
-0.438083
-0.275366
-0.406413
-0.271595
-0.140862
0.00844532
0.0680385
0.261769
0.263785
0.31898
0.390905
0.314278
0.174254
0.0825276
0.000482319
-0.01117
-0.148194
-0.0753694
-0.0522902
-0.138037
-0.144011
-0.117061
-0.158339
-0.1596
-0.160009
-0.122187
-0.116051
-0.226078
-0.362511
-0.230026
-0.132989
-0.257084
-0.218569
0
0.221009
0.418614
0.527991
0.636676
0.751754
0.503693
0.289737
-0.040819
-0.0925321
-0.146913
-0.236541
-0.149949
-0.207885
-0.136761
-0.262455
-0.215409
-0.248955
-0.315992
-0.304911
-0.0929408
0.254682
0.45669
0.534581
0.623779
0.499143
0.191612
0.0668358
-0.254766
-0.306415
-0.378627
-0.269985
-0.145691
-0.0140723
0.129011
0.214469
0.342554
0.390172
0.489167
0.45749
0.287103
0.167598
0.198931
0.123199
0.0489245
0.0458503
0.0141503
-0.0168607
-0.058377
-0.1124
-0.139928
-0.164565
-0.0841659
-0.109013
-0.174992
-0.223868
-0.361224
-0.333144
-0.385401
-0.367194
-0.502803
-0.0757101
0.270118
0.524856
0.530656
0.7231
0.616493
0.441088
-0.0247849
-0.00732954
-0.13667
-0.171287
-0.249602
-0.181143
-0.143304
-0.188766
-0.235244
-0.271306
-0.370086
-0.338564
-0.300456
-0.00184732
0.337549
0.596339
0.608794
0.633552
0.391061
0.236208
0.0646535
-0.132098
-0.222544
-0.301928
-0.205719
-0.109497
-0.172836
0.00336996
0.256921
0.389377
0.446307
0.583806
0.563924
0.350795
0.259587
0.219804
0.330576
0.153087
0.151509
0.182489
0.150216
0.0898757
0.0206172
-0.0874554
-0.0365987
-0.0934152
-0.125402
-0.207363
-0.263055
-0.381496
-0.560141
-0.433201
-0.571847
-0.452985
-0.0881067
0.181239
0.369523
0.586142
0.648263
0.50264
0.0154047
0.0318668
-0.0625863
-0.0945927
-0.131627
-0.203946
-0.19398
-0.209489
-0.166571
-0.215073
-0.246795
-0.25156
-0.346495
-0.268454
0.119931
0.423541
0.548586
0.611841
0.502534
0.294775
0.32083
0.0879165
-0.04562
-0.106987
-0.215351
-0.0606534
-0.163597
-0.0617466
0.129831
0.298192
0.352433
0.373568
0.46255
0.485709
0.426654
0.390034
0.289955
0.336441
0.207764
0.1956
0.171751
0.207813
0.139108
0.0695942
0.0913948
-0.0121832
-0.0131565
-0.201066
-0.274237
-0.305275
-0.462283
-0.460895
-0.575032
-0.647358
-0.497177
-0.194794
0.121312
0.358649
0.45303
0.46544
