1 
1 
1 
1 
1 
1 
1 
1 
1 
1 
1 
1 
1 
1 
1 
0.81254 
0.211589 
0 
0 
0 
0 
0 
0 
0 
0 
0.822559 
1 
1 
1 
1 
1 
1 
1 
1 
1 
0.0780768 
0 
0 
0 
0 
0.528185 
1 
1 
1 
1 
1 
1 
1 
1 
1 
1 
0.62685 
0 
0 
0 
0 
0 
0 
0 
0 
0 
0.535852 
1 
1 
1 
1 
1 
1 
1 
1 
1 
1 
1 
1 
1 
1 
1 
0 
0 
0 
0 
0 
0 
0 
0 
0 
0.128519 
1 
1 
1 
1 
1 
1 
1 
1 
1 
0.492812 
0 
0 
0 
0 
0.0525147 
1 
1 
1 
1 
1 
1 
1 
1 
1 
1 
0.546006 
0.132189 
0 
0 
0 
0 
0 
0 
0 
0 
0 
0.756487 
1 
1 
1 
1 
1 
1 
1 
1 
1 
1 
1 
1 
1 
1 
0.519492 
0 
0 
0 
0 
0 
0 
0 
0 
0 
0.56023 
1 
1 
1 
1 
1 
1 
1 
1 
0.903872 
0.513568 
0 
0 
0 
0 
0 
1 
1 
1 
1 
1 
1 
1 
1 
1 
1 
0.240447 
0.313963 
0 
0 
0 
0 
0 
0 
0 
0 
0.219034 
1 
1 
1 
1 
1 
1 
1 
1 
1 
1 
1 
1 
1 
1 
0.221444 
0 
0 
0 
0 
0 
0 
0 
0 
0 
0 
1 
1 
1 
1 
1 
1 
1 
1 
1 
0 
0 
0 
0 
0 
1 
1 
1 
1 
1 
1 
1 
1 
1 
1 
1 
0.582921 
0.637329 
0 
0 
0 
0 
0 
0 
0 
0 
0.0205148 
0.854748 
1 
1 
1 
1 
1 
1 
1 
1 
1 
1 
1 
1 
1 
0.781023 
0 
0 
0 
0 
0 
0 
0 
0 
0 
0 
0.559535 
1 
1 
1 
1 
1 
1 
1 
0.863445 
0.0570656 
0 
0 
0 
0 
1 
1 
1 
1 
1 
1 
1 
1 
1 
1 
1 
1 
1 
0.618399 
0 
0 
0 
0 
0 
0 
0 
0.145976 
0.990883 
1 
1 
1 
1 
1 
1 
1 
1 
1 
1 
1 
1 
1 
1 
0.339211 
0.0501243 
0 
0 
0 
0 
0 
0 
0 
0 
0.338865 
1 
1 
1 
1 
1 
1 
1 
1 
0 
0 
0 
0 
0.298502 
1 
1 
1 
1 
1 
1 
1 
1 
1 
1 
1 
1 
1 
0.756502 
0 
0 
0 
0 
0 
0 
0 
0 
1 
0.987645 
1 
1 
1 
1 
1 
1 
1 
1 
1 
1 
1 
1 
1 
1 
1 
0 
0 
0 
0 
0 
0 
0 
0 
0 
1 
1 
1 
1 
1 
1 
1 
0.412078 
0 
0 
0 
0 
0.252885 
0.995697 
1 
1 
1 
1 
1 
1 
1 
1 
1 
1 
1 
1 
0 
0 
0 
0 
0 
0 
0 
0 
0 
0 
1 
1 
1 
1 
1 
1 
1 
1 
1 
1 
1 
1 
1 
1 
1 
1 
1 
0 
0 
0 
0 
0 
0 
0 
0 
0.626232 
1 
1 
1 
1 
1 
1 
0.151376 
0 
0 
0 
0 
1 
1 
1 
1 
1 
1 
0.985307 
1 
1 
1 
1 
1 
1 
0.279518 
0 
0 
0 
0 
0 
0 
0 
0 
0 
0 
1 
1 
1 
1 
1 
1 
1 
1 
1 
1 
1 
1 
1 
1 
1 
1 
1 
0.346678 
0.0126213 
0 
0 
0 
0 
0 
0 
1 
1 
1 
1 
1 
1 
0.712618 
0 
0 
0 
0 
0.594176 
0.606122 
1 
1 
1 
1 
1 
0 
1 
1 
1 
1 
1 
1 
0.183864 
0 
0 
0 
0 
0 
0 
0 
0 
0 
0 
0.46306 
1 
1 
1 
1 
1 
1 
1 
1 
1 
1 
1 
1 
1 
1 
1 
1 
1 
1 
0.116122 
0 
0 
0 
0 
0 
1 
1 
1 
1 
0.594081 
0.212457 
0 
0 
0 
0 
0.616138 
1 
1 
1 
1 
1 
0.512649 
0 
0 
0.793512 
0.628849 
1 
1 
1 
1 
1 
0 
0 
0 
0 
0 
0 
0 
0 
0 
0 
1 
1 
1 
1 
1 
1 
1 
0.669604 
0.803288 
0.780987 
1 
1 
1 
1 
1 
1 
1 
1 
1 
1 
1 
1 
0.398196 
0.116023 
0.167848 
0.879079 
1 
1 
1 
0 
0 
0 
0 
0 
0 
1 
1 
1 
1 
1 
0.103411 
0 
0 
0 
0 
0.857773 
1 
1 
1 
1 
1 
0 
0 
0 
0 
0 
0 
0 
0 
0 
0 
1 
1 
1 
1 
1 
1 
0.619264 
0.00447261 
0 
0.471517 
0.950578 
1 
1 
1 
1 
1 
1 
1 
1 
1 
1 
1 
1 
1 
1 
1 
1 
1 
0.563736 
0 
0 
0 
0 
0 
0.93776 
1 
1 
1 
1 
0.338548 
0 
0 
0 
0 
0 
0 
1 
1 
1 
1 
1 
0.587895 
0.307359 
0 
0 
0 
0 
0 
0 
0 
0.648142 
0.782213 
1 
1 
1 
1 
1 
0 
0 
0 
0 
0.464605 
0.973105 
1 
1 
1 
1 
1 
1 
1 
1 
1 
1 
1 
1 
1 
1 
1 
1 
0 
0 
0 
0 
0 
0 
1 
1 
1 
1 
1 
0.117108 
0 
0 
0 
0 
0 
1 
1 
1 
1 
1 
1 
1 
0.543774 
0.162639 
0 
0 
0 
0 
0 
0.48775 
1 
1 
1 
1 
1 
1 
0.0437014 
0 
0 
0 
0 
0 
0.214279 
1 
1 
1 
1 
1 
1 
1 
1 
1 
1 
1 
1 
1 
1 
1 
1 
0 
0 
0 
0 
0 
0.605314 
1 
1 
1 
1 
0.542458 
0 
0 
0 
0 
0 
1 
1 
1 
1 
1 
1 
1 
1 
1 
0.077504 
0 
0 
0 
0 
0.41972 
1 
1 
1 
1 
1 
1 
1 
0 
0 
0 
0 
0 
0 
0 
0 
0.313313 
0.579262 
1 
1 
1 
1 
1 
1 
1 
1 
1 
1 
1 
1 
0.573207 
0 
0 
0 
0 
0 
1 
1 
1 
1 
1 
0 
0 
0 
0 
0 
0 
1 
1 
1 
1 
1 
1 
1 
1 
1 
0.968956 
0.00840639 
0.211665 
0 
0.0569449 
0.589744 
1 
1 
1 
1 
1 
1 
0.570887 
0 
0 
0 
0 
0 
0 
0 
0 
0 
0 
0.379749 
0.473708 
1 
1 
1 
1 
1 
1 
1 
1 
1 
1 
0.859046 
0 
0 
0 
0 
0.982194 
1 
1 
1 
1 
1 
0 
0 
0 
0 
0 
0 
0.308659 
0.422978 
0.73267 
1 
1 
1 
1 
1 
1 
1 
1 
1 
0.909783 
1 
0.95057 
1 
1 
1 
1 
1 
1 
0.092096 
0 
0 
0 
0 
0 
0 
0 
0 
0 
0 
0 
0 
0.841403 
1 
1 
1 
1 
1 
1 
1 
1 
1 
0.188577 
0 
0 
0 
0.392454 
1 
1 
1 
1 
1 
0.439814 
0 
0 
0 
0 
0 
0 
0 
0 
0 
1 
1 
1 
1 
1 
1 
1 
1 
1 
1 
1 
1 
1 
1 
1 
1 
1 
1 
0.129383 
0 
0 
0 
0 
0 
0 
0 
0 
0 
0 
0 
0 
0.140943 
0.519093 
1 
1 
1 
1 
1 
1 
1 
1 
0.464805 
0 
0 
0 
1 
1 
1 
1 
1 
1 
0.540686 
0 
0 
0 
0 
0 
0 
0 
0 
0 
0.370206 
1 
1 
1 
1 
1 
1 
1 
1 
1 
1 
1 
1 
1 
1 
1 
1 
1 
0 
0 
0 
0 
0 
0 
0 
0 
0 
0 
0 
0 
0 
0 
0.0259496 
0.967878 
1 
1 
1 
1 
1 
1 
1 
0.754617 
0 
0.653068 
1 
1 
1 
1 
1 
1 
1 
0.175798 
0 
0 
0 
0 
0 
0 
0 
0 
0 
0.44566 
1 
1 
1 
1 
1 
1 
1 
1 
1 
1 
1 
1 
1 
1 
1 
1 
1 
0.08138 
0 
0 
0 
0 
0 
0 
0 
0 
0 
0 
0 
0 
0 
0 
0.304072 
1 
1 
1 
1 
1 
1 
1 
1 
1 
1 
1 
1 
1 
1 
1 
1 
1 
0 
0 
0 
0 
0 
0 
0 
0 
0 
0 
0 
0 
1 
1 
1 
1 
1 
1 
1 
1 
1 
1 
1 
1 
1 
1 
1 
1 
0.189047 
0 
0 
0 
0 
0 
0 
0 
0 
0 
0 
0 
0 
0 
0 
0.164351 
0.633381 
1 
1 
1 
1 
1 
1 
1 
1 
1 
1 
1 
1 
1 
1 
1 
0 
0 
0 
0 
0 
0 
0 
0 
0 
0 
0 
0 
0 
0 
0 
0.379341 
0.927214 
1 
1 
1 
1 
1 
1 
1 
1 
1 
1 
1 
1 
0.30343 
0 
0 
0 
0 
0 
0 
0 
0 
0 
0 
0 
0 
0 
0 
0 
0 
1 
1 
1 
1 
1 
1 
1 
1 
1 
1 
1 
1 
1 
1 
0.572298 
0 
0 
0 
0 
0 
0 
0 
0 
0 
0 
0 
0 
0 
0 
0 
0 
0 
0 
0 
1 
1 
1 
1 
1 
1 
1 
1 
1 
1 
0.0450159 
0 
0 
0 
0 
0 
0 
0 
0 
0 
0 
0 
0 
0 
0 
0 
0 
0.82867 
0.815417 
1 
1 
1 
1 
1 
1 
1 
1 
1 
1 
1 
0.93704 
0 
0 
0 
0 
0 
0 
0 
0 
0 
0 
0 
0 
0 
0 
0 
0 
0 
0 
0 
0 
0.569505 
1 
1 
1 
1 
1 
1 
1 
1 
1 
0.211865 
0.501497 
0 
0 
0.630186 
0.529912 
0 
0 
0 
0 
0 
0 
0 
0 
0 
0 
0 
0 
0 
0.971977 
1 
1 
1 
1 
1 
1 
1 
1 
1 
1 
0 
0 
0 
0 
0 
0 
0 
0 
0 
0 
0 
0 
0 
0 
0 
0 
0 
0 
0 
0 
0 
0 
1 
1 
1 
1 
1 
1 
1 
1 
1 
0.847522 
1 
0.376758 
0.786986 
1 
1 
1 
0.354274 
0.0310017 
0 
0 
0 
0 
0 
0 
0 
0 
0 
0 
0.58868 
1 
1 
1 
1 
1 
1 
1 
1 
1 
0.90441 
0.305232 
0 
0 
0 
0 
0 
0 
0 
0 
0 
0 
0 
0 
0 
0 
0 
0 
0 
0 
0 
0 
0 
1 
1 
1 
1 
1 
1 
1 
1 
1 
1 
1 
1 
1 
1 
1 
1 
1 
0.36417 
0 
0 
0 
0 
0 
0 
0 
0 
0 
0 
1 
1 
1 
1 
1 
1 
1 
1 
1 
1 
1 
0.665062 
0 
0 
0 
0 
0 
0 
0 
0 
0 
0 
0 
0 
0 
0 
0 
0 
0 
0 
0 
0 
0 
0.981448 
1 
1 
1 
1 
1 
1 
1 
1 
1 
1 
1 
1 
1 
1 
1 
1 
0.399958 
0 
0 
0 
0 
0 
0 
0 
0 
0 
0 
1 
1 
1 
1 
1 
1 
1 
1 
0.963005 
1 
1 
0.87948 
0.18482 
0 
0 
0 
0 
0 
0 
0 
0 
0 
0 
0 
0 
0 
0 
0 
0 
0 
0 
0 
0 
0.9665 
1 
1 
1 
1 
1 
1 
1 
1 
1 
1 
1 
1 
1 
1 
1 
1 
1 
0.434963 
0 
0 
0 
0 
0 
0 
0 
0 
0 
1 
1 
1 
1 
1 
1 
1 
1 
1 
1 
1 
1 
0.843219 
0.219707 
0 
0 
0 
0 
0 
0 
0 
0 
0 
0 
0 
0 
0 
0 
0 
0 
0 
0 
0.0424309 
1 
1 
1 
1 
1 
1 
0.911956 
0.16769 
0.298996 
0.925023 
1 
1 
1 
1 
1 
1 
1 
1 
1 
0.476585 
0.123797 
0 
0 
0 
0 
0 
0 
0 
1 
1 
1 
1 
1 
1 
1 
1 
1 
1 
1 
1 
1 
1 
0.360089 
0.00305279 
0 
0 
0 
0 
0 
0 
0 
0 
0 
0 
0 
0 
0 
0 
0 
0 
0 
1 
1 
1 
1 
1 
1 
0.817844 
0.0270638 
0 
0.0281681 
1 
1 
1 
1 
1 
1 
1 
1 
1 
1 
0.540382 
0.407105 
0 
0 
0 
0 
0 
0.11669 
0.277991 
0.303371 
0.8687 
0.598837 
0.827293 
0.874199 
1 
1 
1 
1 
1 
1 
1 
1 
1 
1 
0 
0 
0 
0 
0 
0 
0 
0 
0 
0 
0 
0 
0 
0 
0 
0 
0 
1 
1 
1 
1 
1 
1 
0 
0 
0 
0.325112 
1 
1 
1 
1 
1 
1 
1 
1 
1 
1 
1 
0.813673 
0 
0 
0 
0 
0.100013 
0.0103475 
0 
0 
0.331869 
0.144971 
0 
0.150527 
0.741935 
1 
1 
1 
1 
1 
1 
1 
1 
1 
0.530494 
0 
0 
0 
0 
0 
0 
0 
0 
0 
0 
0 
0 
0 
0 
0 
0.428668 
1 
1 
1 
1 
1 
1 
0 
0 
0.0346931 
0 
1 
1 
1 
1 
1 
1 
1 
1 
1 
1 
1 
1 
0.975466 
0 
0 
0 
0.804607 
0 
0 
0 
0.0553152 
0 
0 
0 
0.342749 
1 
1 
1 
1 
1 
1 
1 
1 
1 
0.391552 
0 
0 
0 
0 
0 
0 
0 
0 
0 
0 
0 
0 
0 
0 
0.207013 
1 
1 
1 
1 
1 
1 
1 
0.107073 
0.223016 
0.392931 
0 
0.323911 
0.29443 
1 
1 
1 
1 
1 
1 
1 
1 
1 
1 
1 
0.901717 
1 
0.548522 
0.328838 
0 
0 
0 
0 
0 
0 
0 
0 
0.755817 
1 
1 
1 
1 
1 
1 
1 
1 
0 
0 
0 
0 
0 
0 
0 
0 
0 
0 
0 
0 
0 
0 
0 
0 
1 
1 
1 
1 
1 
1 
1 
1 
0.199624 
0.652439 
0.0353195 
0.0264578 
0 
1 
1 
1 
1 
1 
1 
1 
1 
1 
1 
1 
1 
1 
1 
0.592886 
0 
0 
0 
0 
0 
0 
0 
0 
0.034704 
1 
1 
1 
1 
1 
1 
1 
1 
0 
0 
0 
0 
0 
0 
0 
0 
0 
0 
0 
0 
0 
0 
0 
0.666332 
1 
1 
1 
1 
1 
1 
1 
1 
0.940931 
1 
0 
0 
0 
0.193226 
0.668545 
0.922285 
0.995363 
1 
1 
1 
1 
1 
1 
1 
1 
1 
1 
0.438407 
0.427079 
0 
0 
0 
0 
0 
0 
0 
0 
0.357827 
1 
1 
1 
1 
1 
1 
0.654142 
0 
0 
0 
0 
0 
0 
0 
0 
0 
0 
0 
0 
0 
0 
0 
0.931895 
1 
1 
1 
1 
1 
1 
1 
1 
1 
0.971339 
0 
0.256936 
0.158503 
0.350801 
0 
0 
0.822418 
1 
1 
1 
1 
1 
1 
1 
1 
1 
0.916262 
0.458109 
0 
0 
0 
0 
0 
0 
0 
0 
0 
1 
1 
1 
1 
1 
1 
1 
0.0783683 
0 
0 
0 
0 
0 
0 
0 
0 
0 
0 
0 
0 
0 
0 
0 
0.755429 
0.981211 
1 
1 
1 
1 
1 
1 
1 
1 
0.940148 
0.863647 
0.761996 
0.748367 
0.365204 
0 
0 
0.292564 
0.312232 
0.684354 
0.655695 
1 
1 
1 
1 
1 
1 
1 
0 
0 
0 
0 
0 
0 
0 
0 
0 
0 
1 
1 
1 
1 
1 
1 
1 
0 
0 
0 
0 
0 
0 
0 
0 
0 
0 
0 
0 
0 
0 
0 
0 
0.324463 
0.716843 
1 
1 
1 
1 
1 
1 
1 
1 
0.969266 
1 
0.31906 
1 
0 
0 
0 
0 
0 
0.0741374 
0.301707 
1 
1 
1 
1 
1 
1 
0 
0 
0 
0 
0 
0 
0 
0 
0 
0 
0.566127 
1 
1 
1 
1 
1 
1 
0.57358 
0 
0 
0 
0 
0 
0 
0 
0 
0 
0 
0 
0 
0 
0 
0 
0 
0 
0.211966 
1 
1 
1 
1 
1 
1 
1 
1 
1 
1 
1 
0.766995 
0 
0 
0 
0 
0 
0 
0.893876 
1 
1 
1 
1 
1 
0 
0 
0 
0 
0 
0 
0 
0 
0 
0 
0 
0.351537 
1 
1 
1 
1 
1 
1 
0.169871 
0 
0 
0 
0 
0 
0 
0 
0 
0 
0 
0 
0 
0 
0 
0 
0 
0 
0.328153 
1 
1 
1 
1 
1 
1 
1 
1 
1 
0.995415 
1 
0.353882 
0 
0 
0 
0 
0 
0 
0.7518 
1 
1 
1 
1 
0 
0 
0 
0 
0 
0 
0 
0 
0 
0 
0 
0.343414 
0.804701 
1 
1 
1 
1 
1 
1 
0 
0 
0 
0 
0 
0 
0 
0 
0 
0 
0 
0 
0 
0 
0 
0 
0 
0 
0 
1 
1 
1 
1 
1 
1 
1 
1 
1 
0.860889 
1 
0.244352 
0 
0 
0 
0 
0 
0 
0.320669 
0.914708 
1 
1 
0 
0 
0 
0 
0 
0 
0 
0 
0 
0 
0 
0 
0.134011 
1 
1 
1 
1 
1 
1 
0.494494 
0 
0 
0 
0 
0 
0 
0 
0 
0 
0 
0 
0 
0 
0 
0 
0 
0 
0 
0.11589 
1 
1 
1 
1 
1 
1 
1 
1 
1 
1 
1 
0.666831 
0 
0 
0 
0 
0 
0 
0.671121 
0.884436 
1 
0.94303 
0.24339 
0 
0 
0 
0 
0 
0 
0 
0 
0 
0 
0 
1 
1 
1 
1 
1 
1 
1 
0 
0 
0 
0 
0 
0 
0 
0 
0 
0 
0 
0 
0 
0 
0 
0 
0 
0 
0 
0.458512 
1 
1 
1 
1 
1 
1 
1 
1 
1 
1 
1 
0.808079 
0.241494 
0 
0 
0 
0 
0 
0.219587 
0.717426 
0.984364 
0.85609 
0.116136 
0 
0 
0 
0 
0 
0 
0 
0 
0 
0 
0 
1 
1 
1 
1 
1 
1 
0.61307 
0 
0 
0 
0 
0 
0 
0 
0 
0 
0 
0 
0 
0 
0 
0 
0 
0 
0 
0 
0.999547 
1 
1 
1 
1 
1 
1 
1 
1 
1 
1 
1 
0.924176 
0.489371 
0.435374 
0.842809 
0.54829 
0.475592 
0 
0.798813 
1 
1 
1 
0.757368 
0 
0 
0 
0 
0 
0 
0 
0 
0 
0 
0.422832 
1 
1 
1 
1 
1 
1 
0 
0 
0 
0 
0 
0 
0 
0 
0 
0 
0 
0 
0 
0 
0 
0 
0 
0 
0 
0.67532 
1 
1 
1 
1 
1 
1 
1 
1 
1 
1 
1 
1 
1 
0.965411 
1 
1 
1 
1 
1 
1 
1 
1 
1 
0.841443 
0.33181 
0 
0 
0 
0 
0 
0 
0 
0 
0 
0.841539 
1 
1 
1 
1 
1 
1 
0 
0 
0 
0 
0 
0 
0 
0 
0 
0 
0 
0 
0 
0 
0 
0 
0 
0 
0 
0.659889 
1 
1 
1 
1 
1 
1 
1 
1 
1 
1 
1 
1 
1 
0.699473 
1 
1 
1 
1 
1 
1 
1 
1 
1 
1 
0.727977 
0 
0 
0 
0 
0 
0 
0 
0 
0.173625 
1 
1 
1 
1 
1 
1 
0.0332194 
0 
0 
0 
0 
0 
0 
0 
0 
0 
0 
0 
0 
0 
0 
0 
0 
0 
0 
0 
0.995721 
1 
1 
1 
1 
1 
1 
1 
1 
1 
1 
1 
1 
1 
0.813464 
0.7582 
1 
1 
0.524164 
1 
1 
1 
1 
1 
1 
0.935286 
0.321705 
0 
0 
0 
0 
0 
0 
0 
1 
1 
1 
1 
1 
1 
1 
0 
0 
0 
0 
0 
0 
0 
0 
0 
0 
0 
0 
0 
0 
0 
0 
0 
0 
0 
0.818576 
1 
1 
1 
1 
1 
1 
1 
1 
0.660476 
0.222048 
1 
1 
1 
0.320436 
0.21053 
0.705188 
1 
0 
0 
1 
1 
1 
1 
1 
1 
1 
1 
0.523339 
0 
0 
0 
0 
0 
0.0746919 
1 
1 
1 
1 
1 
1 
0.418766 
0 
0 
0 
0 
0 
0 
0 
0 
0 
0 
0 
0 
0 
0 
0 
0 
0 
0 
0 
1 
1 
1 
1 
1 
1 
1 
1 
0.410796 
0 
0.224283 
0 
0 
0 
0 
0 
0 
0 
0 
0 
1 
1 
1 
1 
1 
1 
1 
1 
1 
0.118999 
0 
0 
0 
0 
0.0209884 
1 
1 
1 
1 
1 
1 
0 
0 
0 
0 
0 
0 
0 
0 
0 
0 
0 
0 
0 
0 
0 
0 
0 
0 
0 
0.271866 
1 
1 
1 
1 
1 
1 
1 
0.484252 
0.208745 
0.51728 
0 
0 
0 
0 
0 
0 
0 
0 
0 
0 
0.586388 
1 
1 
1 
1 
1 
1 
1 
1 
0 
0 
0 
0 
0 
0.587866 
1 
1 
1 
1 
1 
1 
0 
0 
0 
0 
0 
0 
0 
0 
0 
0 
0 
0 
0 
0 
0 
0 
0 
0 
0 
1 
1 
1 
1 
1 
1 
1 
1 
0.851837 
1 
0.34383 
0 
0 
0 
0 
0 
0 
0 
0 
0 
0 
0 
1 
1 
1 
1 
1 
1 
1 
1 
0.192918 
0 
0 
0 
0 
0.758834 
1 
1 
1 
1 
1 
1 
0.0632523 
0 
0 
0 
0 
0 
0 
0 
0 
0 
0 
0 
0 
0 
0 
0 
0 
0 
0.338722 
1 
1 
1 
1 
1 
1 
1 
1 
1 
0.930514 
0.351376 
0 
0 
0 
0 
0 
0 
0 
0 
0 
0 
0 
0.687997 
1 
1 
1 
1 
1 
1 
1 
0.17021 
0 
0 
0 
0 
1 
1 
1 
1 
1 
1 
0.56608 
0.555788 
0.26291 
0 
0 
0 
0 
0 
0 
0 
0 
0 
0 
0 
0 
0 
0 
0 
0 
1 
1 
1 
1 
1 
1 
1 
1 
1 
1 
1 
0.500681 
0 
0 
0 
0 
0 
0 
0 
0 
0 
0 
0 
0 
1 
1 
1 
1 
1 
1 
1 
0 
0 
0 
0 
0 
0.873003 
1 
1 
1 
1 
1 
1 
0.926283 
0.0458699 
0 
0 
0 
0 
0 
0 
0 
0 
0 
0 
0 
0 
0 
0 
0 
0 
0.673079 
1 
1 
1 
1 
1 
1 
1 
1 
1 
1 
0.484677 
0 
0 
0 
0 
0 
0 
0 
0 
0 
0 
0 
0 
1 
1 
1 
1 
1 
1 
1 
0 
0 
0 
0 
0 
1 
1 
1 
1 
1 
1 
1 
1 
1 
0 
0 
0 
0 
0 
0 
0 
0 
0 
0 
0 
0 
0 
0 
0 
0 
0.55719 
1 
1 
1 
1 
1 
1 
1 
1 
1 
1 
1 
0.402808 
0 
0 
0 
0 
0 
0 
0 
0 
0 
0 
0 
1 
1 
1 
1 
1 
1 
0.596014 
0 
0 
0 
0 
0 
0.706945 
1 
1 
1 
1 
1 
1 
1 
0.764468 
0.174516 
0 
0 
0 
0 
0 
0 
0 
0 
0 
0 
0 
0 
0 
0 
0 
0 
1 
1 
1 
1 
1 
1 
1 
1 
1 
1 
1 
0 
0 
0 
0 
0 
0 
0 
0 
0 
0 
0 
0 
1 
1 
1 
1 
1 
1 
0.976278 
0 
0 
0 
0 
0.02569 
1 
1 
1 
1 
1 
1 
1 
1 
0.957638 
0.142412 
0 
0 
0 
0 
0 
0 
0 
0 
0 
0 
0 
0 
0 
0 
0 
0 
0 
0.612155 
1 
1 
1 
1 
1 
1 
1 
1 
0 
0 
0 
0 
0 
0 
0 
0 
0 
0 
0 
0 
0 
1 
1 
1 
1 
1 
1 
0.739179 
0 
0 
0 
0 
0 
0.944639 
1 
1 
1 
1 
1 
1 
1 
1 
1 
0.525993 
0 
0 
0 
0 
0 
0 
0 
0 
0 
0 
0 
0 
0 
0 
0 
0 
0 
1 
1 
1 
1 
1 
1 
1 
0 
0 
0 
0 
0 
0 
0 
0 
0 
0 
0 
0 
0 
0.390763 
1 
1 
1 
1 
1 
1 
0.633268 
0 
0 
0 
0 
0.167517 
0.13582 
0.99185 
1 
1 
1 
1 
1 
1 
1 
1 
1 
0.435435 
0.262546 
0.142447 
0 
0 
0 
0 
0 
0 
0 
0 
0 
0 
0 
0 
0 
0 
1 
1 
1 
1 
1 
1 
0 
0 
0 
0 
0 
0 
0 
0 
0 
0 
0 
0 
0 
0 
1 
1 
1 
1 
1 
1 
1 
0.579582 
0 
0 
0 
0.261733 
0 
0.486267 
1 
1 
1 
1 
1 
1 
1 
1 
1 
1 
0.623822 
0.362999 
0.0937574 
0.134063 
0 
0 
0 
0 
0 
0 
0 
0 
0 
0 
0 
0 
0 
0.656031 
1 
1 
1 
1 
