0.126795
0.309762
-0.323795
-0.296062
-1.79594
0.644246
-1.35862
-0.280207
-0.39968
2.77288
0.329099
-0.353216
0.0703344
-0.157564
1.01852
-0.760852
-1.28862
-1.08321
0.152579
0.405339
0.22143
1.98727
-0.144598
-0.649496
1.10017
1.78064
0.712133
-0.973578
0.310856
-0.974101
-0.0787338
0.131124
-0.396007
1.50412
-0.198054
-0.60169
-2.47293
0.21976
1.37391
0.122092
0.0220459
1.49223
1.46046
-0.271549
-1.22761
1.97639
2.19045
0.722848
1.6663
0.295704
-0.0275528
-1.80899
0.238413
0.452548
-0.204969
-0.511691
-0.990953
0.207506
-0.91648
0.47506
-0.12951
-2.70545
-1.80087
0.40828
1.09563
-0.00275551
-1.3469
1.37562
-0.524693
-1.4101
