   1.2679523e-01
   3.0976200e-01
  -3.2379542e-01
  -2.9606174e-01
  -1.7959365e+00
   6.4424625e-01
  -1.3586182e+00
  -2.8020710e-01
  -3.9967975e-01
   2.7728775e+00
   3.2909907e-01
  -3.5321607e-01
   7.0334363e-02
  -1.5756423e-01
   1.0185218e+00
  -7.6085212e-01
  -1.2886197e+00
  -1.0832062e+00
   1.5257923e-01
   4.0533927e-01
   2.2143030e-01
   1.9872667e+00
  -1.4459778e-01
  -6.4949588e-01
   1.1001724e+00
   1.7806387e+00
   7.1213303e-01
  -9.7357770e-01
   3.1085583e-01
  -9.7410102e-01
  -7.8733808e-02
   1.3112378e-01
  -3.9600703e-01
   1.5041176e+00
  -1.9805431e-01
  -6.0169028e-01
  -2.4729292e+00
   2.1976009e-01
   1.3739109e+00
   1.2209221e-01
   2.2045913e-02
   1.4922295e+00
   1.4604556e+00
  -2.7154901e-01
  -1.2276052e+00
   1.9763941e+00
   2.1904506e+00
   7.2284770e-01
   1.6663002e+00
   2.9570415e-01
  -2.7552767e-02
  -1.8089897e+00
   2.3841268e-01
   4.5254823e-01
  -2.0496898e-01
  -5.1169120e-01
  -9.9095279e-01
   2.0750592e-01
  -9.1647962e-01
   4.7506041e-01
  -1.2951003e-01
  -2.7054549e+00
  -1.8008698e+00
   4.0828026e-01
   1.0956295e+00
  -2.7555075e-03
  -1.3468994e+00
   1.3756160e+00
  -5.2469322e-01
  -1.4101029e+00
