7.36707 
6.29039 
7.65175 
8.00491 
8.54769 
8.12591 
6.87146 
3.44632 
2.58595 
2.01852 
0 
0 
0 
0 
0 
2.27307 
2.71252 
3.50098 
7.0555 
7.91525 
8.47516 
8.71344 
8.626 
7.89198 
7.07646 
3.62139 
2.93854 
2.68198 
2.61763 
2.69258 
2.58948 
3.07331 
4.24267 
7.54664 
8.02244 
8.37801 
8.54174 
8.76953 
8.96115 
8.93194 
8.77361 
8.32482 
8.06137 
7.63099 
7.19786 
6.84996 
4.80956 
3.97073 
3.75499 
3.28816 
3.31812 
3.08481 
2.59791 
2.525 
2.37504 
2.08889 
2.32953 
2.44858 
2.48084 
2.62431 
4.47558 
6.98014 
7.03521 
7.92412 
8.18489 
8.34379 
8.26163 
7.46374 
3.53881 
2.42572 
1.26862 
0 
0 
0 
0 
0.629628 
1.8907 
2.68663 
3.39661 
7.68817 
8.46038 
8.74148 
8.70446 
8.54814 
8.15543 
6.68305 
3.20686 
2.82978 
2.42191 
2.56174 
2.60205 
2.85159 
2.9538 
4.28355 
7.53276 
8.01329 
8.39398 
8.5116 
8.76145 
9.1706 
9.1147 
8.51364 
8.3702 
8.2065 
7.59832 
7.71229 
6.45915 
5.06892 
4.46838 
3.71131 
3.59737 
2.82013 
3.08781 
2.83531 
2.53576 
2.26081 
2.04773 
2.08683 
2.17679 
2.41081 
3.58031 
4.90158 
7.33198 
7.76019 
8.42871 
8.35951 
8.41211 
8.10165 
7.36302 
3.13319 
2.24479 
0.588593 
0 
0 
0 
0 
1.1174 
1.80906 
2.52464 
3.63178 
7.70467 
8.65103 
9.0276 
8.70239 
8.62394 
7.74652 
3.68588 
3.09119 
2.4929 
2.52786 
2.7306 
2.77686 
2.70186 
3.33645 
4.07148 
7.41311 
7.87786 
8.28015 
8.35439 
8.63129 
8.9589 
8.85796 
8.64305 
8.63105 
8.31425 
7.8602 
7.92554 
7.52088 
6.94501 
6.26656 
4.51188 
3.47317 
3.03497 
2.64685 
2.49743 
2.45881 
2.24468 
2.15962 
2.31433 
2.18879 
4.10571 
4.72887 
4.32913 
7.37396 
8.09686 
8.3493 
8.50403 
8.40409 
8.15894 
7.3698 
3.4215 
1.63148 
0.119149 
0 
0 
0 
0 
1.02616 
1.84323 
2.66296 
3.52693 
7.87313 
8.73804 
8.85883 
8.6989 
8.19959 
7.44164 
3.47127 
3.08106 
2.82174 
2.68156 
2.83329 
2.88356 
3.19162 
3.67607 
4.37527 
7.15479 
7.53713 
7.96978 
8.28596 
8.36569 
8.51298 
8.53207 
8.71755 
8.84063 
8.73155 
8.07332 
7.84 
7.99509 
7.85509 
7.15983 
5.51895 
3.39908 
3.00035 
2.77382 
2.59866 
2.43662 
2.15244 
2.37823 
2.3933 
7.43418 
4.36544 
6.64585 
7.18668 
7.90214 
8.30384 
8.59137 
8.90937 
8.49536 
7.99303 
7.06919 
3.31842 
1.94921 
0.847157 
0 
0 
0 
0 
0.980509 
2.10184 
3.08775 
7.35109 
7.88429 
8.27202 
8.57559 
8.25743 
8.00895 
7.19048 
3.49303 
3.43795 
3.25536 
3.03395 
3.2903 
3.31506 
3.13711 
3.7976 
5.205 
6.77858 
7.58758 
7.79931 
7.90288 
7.95939 
8.12705 
8.70845 
8.68138 
8.66736 
8.68722 
8.44437 
7.94673 
7.81502 
7.87874 
7.57971 
4.46061 
3.67687 
3.05992 
2.74233 
2.55224 
2.36996 
2.19937 
2.1478 
7.90053 
7.64079 
7.5567 
7.68715 
7.6202 
8.27307 
8.77814 
9.14127 
9.13644 
8.66119 
8.04983 
7.16602 
3.33264 
2.28018 
1.2339 
0 
0 
0 
0.0596104 
1.18742 
2.11353 
3.0358 
5.69695 
7.79854 
7.99828 
7.83298 
7.75769 
7.22706 
7.4737 
7.65903 
7.59607 
7.11802 
4.50197 
3.737 
3.69465 
6.72189 
7.21408 
7.46329 
7.37705 
7.05677 
6.97849 
7.31307 
7.48671 
7.79889 
8.17934 
8.23058 
8.39658 
8.23259 
8.43101 
8.30055 
8.03131 
8.10602 
7.49879 
4.00434 
3.85686 
3.53889 
3.17437 
2.79401 
2.40993 
2.26371 
8.41209 
8.01916 
8.14466 
7.88581 
8.08546 
8.13865 
8.68391 
9.35067 
10 
9.93229 
8.90412 
8.58243 
8.33661 
4.59634 
2.80658 
2.17264 
1.73143 
0.607028 
0.877191 
0.894978 
1.93835 
2.54155 
7.19968 
7.80735 
8.12671 
7.79115 
7.41958 
4.24576 
7.402 
7.63077 
7.9535 
8.16851 
7.92992 
7.77061 
7.7113 
7.93505 
7.82521 
8.13833 
8.12424 
8.29647 
8.36635 
7.52982 
6.51834 
7.25091 
6.85803 
7.75661 
7.86283 
7.83462 
8.38002 
8.28138 
8.33342 
8.22705 
8.41599 
4.63102 
3.81415 
3.32237 
3.50776 
3.2027 
2.97216 
2.66597 
8.73245 
8.66914 
8.18965 
8.47702 
8.46811 
8.23302 
8.51128 
9.15134 
9.99847 
10 
9.5454 
8.70837 
8.31582 
8.291 
6.72936 
3.31872 
2.7502 
2.25678 
1.61435 
1.53554 
1.56469 
2.26655 
3.29543 
7.57237 
8.0872 
7.57828 
7.19219 
3.78746 
4.5145 
7.68358 
7.75907 
7.87271 
8.12106 
8.19111 
8.24 
7.96174 
8.26777 
8.23402 
8.28636 
8.38281 
8.31247 
8.25486 
5.20359 
7.06566 
4.65013 
7.09996 
7.70705 
7.45241 
8.04453 
8.13645 
8.11858 
8.23444 
8.39146 
7.84682 
3.4821 
3.3425 
4.17519 
4.23462 
3.38828 
3.01922 
8.40623 
8.77304 
8.77221 
8.59856 
8.56892 
8.40585 
8.57405 
8.70921 
9.38511 
10 
9.82531 
9.19164 
8.35509 
8.41056 
8.15643 
6.53491 
5.46674 
2.79878 
2.53193 
1.97591 
2.14633 
2.38025 
2.89015 
3.7918 
8.08302 
7.88626 
6.83376 
3.926 
3.8665 
4.27608 
7.29531 
7.22775 
7.82401 
7.90194 
8.06051 
8.30025 
8.22772 
8.48548 
8.26004 
8.4146 
8.32406 
8.25818 
7.75774 
3.38382 
4.55754 
7.2751 
7.57222 
7.91395 
7.9536 
8.1913 
7.98645 
7.91456 
8.38461 
8.06868 
7.18444 
3.66592 
3.1095 
3.86697 
6.98022 
4.8018 
7.61089 
8.04442 
8.59445 
8.6467 
8.63873 
8.49061 
8.36714 
8.54722 
8.56822 
9.17157 
9.39802 
9.20936 
8.73232 
8.65707 
8.45119 
8.14255 
7.49235 
5.45778 
3.77905 
3.00225 
2.62391 
3.11343 
3.59391 
4.54181 
3.99804 
4.10068 
3.87031 
2.8688 
2.61295 
2.96174 
2.94907 
3.64136 
4.02311 
4.71677 
7.07838 
7.91373 
8.30499 
8.56712 
8.62989 
8.5334 
8.58064 
8.4052 
7.98542 
7.4202 
3.79929 
4.69803 
6.62005 
7.47175 
7.98458 
8.46228 
8.14581 
8.12162 
8.06528 
8.16849 
7.83494 
4.47956 
3.36879 
3.48963 
3.80411 
5.08128 
7.20954 
7.87732 
8.36151 
8.51829 
8.53959 
8.59181 
8.34807 
8.06203 
8.15701 
8.45128 
8.95797 
8.87461 
8.66849 
8.47688 
8.42959 
8.3016 
8.02301 
7.33027 
4.53426 
3.98373 
3.32297 
3.55856 
5.38078 
6.88415 
7.163 
4.77192 
4.12927 
2.82221 
2.58945 
2.54221 
2.74641 
2.83256 
2.70161 
2.84325 
3.3184 
3.71136 
5.42189 
7.90935 
8.69928 
8.79212 
8.88818 
8.66444 
8.41014 
7.56324 
4.39578 
3.64856 
7.20071 
7.15412 
7.73103 
8.44437 
8.65383 
8.40423 
8.11309 
7.77893 
7.53193 
4.15492 
3.87063 
3.29644 
3.0335 
3.26142 
3.49053 
4.32324 
6.97046 
8.07372 
8.43695 
8.37214 
8.27185 
8.25308 
8.06887 
8.22885 
8.47165 
8.75294 
8.24887 
8.10917 
8.46415 
8.26553 
8.38387 
7.76846 
7.68174 
3.77701 
3.36189 
3.52932 
7.42172 
7.8243 
7.75733 
7.59091 
4.89666 
3.28737 
2.82812 
2.6495 
2.59782 
2.5321 
2.32683 
2.17633 
2.56035 
2.84217 
3.20947 
3.59837 
7.858 
8.31935 
8.77538 
8.83978 
8.6235 
8.3002 
7.06442 
3.55349 
3.8354 
6.97005 
7.45303 
8.19627 
8.34331 
8.65952 
8.47745 
7.96462 
6.86302 
3.78126 
3.48275 
3.49015 
3.28495 
2.87577 
3.47109 
3.38313 
3.7732 
7.05925 
8.01846 
8.13341 
8.18045 
8.25402 
7.79961 
8.07494 
8.14691 
8.65784 
8.04076 
8.17919 
8.14162 
8.20821 
8.16836 
8.17058 
7.66164 
5.64291 
3.27549 
3.29493 
6.6296 
8.0011 
8.11369 
8.10444 
7.81664 
7.47683 
3.16953 
2.99828 
2.59217 
2.40775 
2.59627 
2.14069 
2.09039 
2.41094 
2.24986 
2.60155 
3.54174 
7.98549 
8.3721 
8.6058 
8.86724 
8.71604 
8.01242 
4.37473 
3.86816 
4.89211 
7.62457 
8.03306 
8.26492 
8.82094 
8.88274 
8.42304 
8.01301 
4.46711 
3.30689 
3.36836 
3.29706 
3.12453 
2.8793 
3.27748 
3.46194 
3.84993 
7.13073 
7.17266 
7.40696 
8.04067 
7.92265 
8.03043 
7.79978 
8.0476 
8.21098 
7.8261 
7.69088 
8.26384 
8.0821 
7.7039 
7.85214 
7.63158 
4.61172 
3.56864 
6.71596 
7.84069 
7.97909 
8.19106 
8.12179 
7.85201 
7.14178 
3.74298 
3.26419 
3.02582 
2.8962 
2.53487 
2.20851 
1.83303 
1.78869 
2.07866 
2.64084 
3.37112 
7.69976 
8.36356 
8.68741 
8.78456 
8.33792 
7.49638 
3.64431 
3.47916 
5.29763 
7.41065 
7.94502 
8.22263 
8.68052 
8.91286 
8.51228 
7.99403 
4.48864 
3.91916 
2.98242 
3.06825 
3.16962 
3.03378 
3.19605 
3.28897 
3.94623 
4.34244 
4.35288 
7.31111 
7.43121 
7.83585 
7.80799 
7.766 
8.18929 
8.05125 
7.61261 
8.21118 
7.9577 
8.05337 
7.75676 
7.93214 
7.28329 
6.88331 
4.95448 
7.54947 
8.234 
8.22795 
8.13689 
7.8028 
7.60225 
7.51295 
4.21087 
4.45496 
3.7163 
2.97356 
2.46192 
2.23809 
2.11029 
2.10455 
2.55254 
2.81625 
7.21792 
7.88797 
8.21672 
8.88488 
8.83989 
8.40789 
7.05788 
3.87748 
3.59502 
4.96931 
6.94625 
7.62799 
8.15679 
8.52151 
8.6484 
8.57009 
7.91269 
4.42058 
3.21078 
2.97566 
3.09404 
3.32728 
3.52164 
3.20115 
3.14862 
3.50551 
3.89029 
4.86862 
4.14083 
5.14054 
7.08877 
7.63878 
7.34896 
7.71632 
7.5375 
8.16341 
8.08613 
7.72312 
7.89674 
7.66352 
7.89028 
7.65132 
6.84572 
7.70879 
8.06693 
7.86903 
7.96851 
7.82845 
7.50614 
7.88002 
7.67444 
7.79294 
7.32445 
3.8528 
3.27322 
2.6965 
2.3257 
2.32083 
2.48486 
2.55729 
3.71447 
7.47878 
8.11051 
8.30451 
8.49436 
8.61514 
8.26335 
4.29923 
3.66905 
4.19851 
3.72788 
7.09224 
7.52526 
7.92401 
8.24973 
8.70159 
8.32972 
7.78906 
4.59412 
3.31541 
4.55374 
3.93032 
3.925 
3.89128 
4.17441 
3.51029 
3.80921 
3.99242 
4.14113 
3.7345 
3.91743 
7.10103 
4.9938 
7.54181 
7.3166 
7.51748 
7.81445 
7.99202 
7.65776 
7.83927 
7.58672 
7.69625 
7.14766 
7.53823 
7.93242 
7.98084 
7.69409 
7.75521 
7.42944 
7.81201 
7.67443 
7.85923 
7.81503 
7.26861 
5.10011 
3.39284 
2.88981 
2.63475 
2.43113 
2.53286 
3.02344 
4.47701 
7.82378 
8.00468 
8.40739 
8.30252 
8.11649 
7.91161 
3.90402 
3.70741 
3.93207 
3.81792 
6.92142 
7.52771 
7.96255 
8.2362 
8.37347 
7.96101 
7.49166 
6.17881 
7.79747 
7.26122 
7.10662 
7.54945 
5.12163 
6.55687 
4.24391 
4.47685 
4.74678 
4.09532 
4.27622 
3.80637 
4.62312 
4.61826 
6.85946 
7.29461 
7.43657 
7.59121 
8.19981 
7.72401 
7.76073 
7.74922 
7.30775 
7.401 
7.90705 
7.75774 
7.58913 
7.2561 
6.94032 
7.34226 
7.68498 
7.80081 
7.84258 
7.75514 
4.98386 
4.10085 
3.32413 
2.8004 
2.62519 
2.86596 
2.50511 
3.52008 
7.23694 
7.91202 
8.25322 
8.46627 
8.28533 
7.85975 
7.03425 
5.58421 
3.64953 
3.37337 
3.72313 
4.69829 
7.06373 
7.79462 
8.08055 
7.61328 
7.23396 
4.6122 
8.02803 
7.92765 
7.9503 
7.56229 
7.86365 
7.85582 
7.54201 
6.82903 
7.01445 
7.30432 
7.77922 
5.51423 
4.16493 
3.55547 
4.70247 
4.61003 
7.15756 
7.75155 
7.88951 
7.92864 
7.93352 
8.14485 
7.72224 
7.88456 
7.86163 
8.03968 
7.51199 
4.69155 
3.55633 
3.92216 
7.50796 
7.66451 
7.96934 
7.89119 
7.6707 
7.04132 
4.15634 
3.12838 
3.01737 
2.79875 
2.69987 
2.97197 
4.56876 
7.3008 
8.159 
8.16209 
8.51273 
8.14795 
7.84912 
4.90844 
4.3056 
3.74141 
3.40682 
3.3561 
3.8361 
7.02834 
7.54321 
7.55236 
6.97008 
6.84487 
8.06925 
8.40245 
8.41124 
8.52413 
8.20266 
8.15305 
8.06359 
7.8209 
7.59696 
7.29189 
7.87922 
7.84622 
7.43987 
4.40499 
3.87915 
4.3998 
7.09819 
7.11953 
6.77608 
7.61686 
7.87387 
7.97766 
8.18704 
8.0185 
8.1736 
8.01283 
7.77765 
6.90138 
3.4324 
3.2363 
4.0601 
7.25442 
8.10874 
7.8778 
7.75956 
7.26648 
4.70291 
3.67287 
3.16482 
3.08307 
2.72029 
2.81041 
3.26182 
7.11651 
7.7013 
8.16422 
8.36813 
8.617 
8.12657 
7.80876 
5.30364 
4.08966 
4.011 
3.36551 
2.95609 
3.77261 
4.1422 
6.87514 
5.54026 
4.40756 
8.05936 
8.08901 
8.3772 
8.3198 
8.5277 
8.34365 
8.49202 
8.2209 
8.3352 
7.93894 
8.0455 
8.1308 
8.38247 
5.58695 
7.38732 
7.2544 
6.68735 
5.28045 
7.4414 
7.61638 
8.00924 
8.07879 
8.14953 
8.0241 
8.40022 
8.3841 
8.12712 
7.39958 
5.64166 
3.26346 
3.35095 
3.91539 
7.72503 
7.9873 
7.86956 
7.1312 
6.84433 
4.47086 
3.74298 
3.11467 
2.68409 
2.59806 
3.01304 
3.43186 
7.13053 
7.86858 
8.46774 
8.47009 
8.52787 
7.96232 
7.88623 
6.50306 
7.15844 
3.80539 
2.81836 
3.18034 
3.33313 
3.97497 
4.13536 
4.71377 
7.88107 
8.27582 
8.25767 
8.42393 
8.58019 
8.52601 
8.47898 
8.60712 
8.39403 
8.03456 
7.8623 
8.11716 
7.75082 
4.49042 
4.49885 
7.49943 
7.07321 
7.53211 
6.85595 
7.53581 
7.60504 
8.01969 
8.29656 
8.33161 
8.41666 
8.36431 
8.30977 
7.9029 
7.21293 
3.9221 
3.59075 
3.62718 
4.06296 
7.60558 
7.90175 
7.40653 
7.37668 
4.76439 
4.38891 
3.50925 
3.00189 
2.83 
2.80498 
2.95631 
3.49211 
6.79038 
7.7556 
8.00248 
8.62678 
8.4815 
8.04147 
7.66429 
4.63913 
4.3558 
3.01909 
2.57964 
2.55494 
3.04324 
3.98547 
3.65526 
7.83296 
7.61936 
8.06776 
7.90104 
8.20769 
8.29037 
8.19511 
8.34144 
8.60385 
8.58547 
8.21134 
7.90216 
7.86648 
7.02955 
4.656 
5.0606 
4.56037 
5.09115 
7.51247 
7.59842 
7.88399 
8.13117 
8.55251 
8.50546 
8.65492 
8.62879 
8.3875 
7.89358 
7.49052 
5.12819 
3.81432 
3.52745 
4.12179 
5.44575 
7.69577 
7.74625 
7.56477 
7.15384 
6.3958 
5.58919 
3.67354 
2.97315 
2.75639 
2.69176 
3.45532 
3.80676 
5.26296 
7.68069 
8.12654 
8.65088 
8.42908 
8.06742 
7.76473 
3.93582 
3.83023 
2.6702 
2.95667 
2.79652 
3.23093 
3.63037 
7.34794 
7.62397 
7.56094 
7.82798 
7.62547 
7.92032 
7.83 
7.74225 
8.33744 
8.23288 
8.30331 
8.07486 
7.63606 
7.53107 
3.97524 
3.92397 
3.76108 
3.61727 
4.77897 
7.73408 
7.95536 
7.80575 
8.18455 
8.47873 
9.13673 
8.90636 
8.83403 
8.61563 
8.29396 
7.57227 
4.14825 
4.55822 
3.58405 
4.91291 
6.81937 
7.40736 
7.81872 
7.59972 
7.09636 
6.96684 
4.47245 
3.29975 
2.98253 
2.62136 
2.89822 
3.21759 
4.06124 
6.44188 
7.88948 
8.55839 
8.58789 
8.1599 
8.0191 
7.0982 
4.3993 
4.15286 
2.59926 
2.76089 
2.97282 
3.61553 
7.2911 
7.702 
7.73821 
7.69924 
7.60527 
8.05589 
7.80425 
7.75631 
7.66816 
7.78383 
7.99173 
7.86323 
7.97654 
7.57657 
5.47282 
3.32133 
3.55751 
3.38355 
3.24622 
3.91973 
7.4599 
7.69116 
7.92321 
8.27146 
8.57784 
8.92948 
9.04588 
9.0661 
8.68519 
8.0121 
7.66663 
4.85789 
4.97873 
4.39315 
7.25292 
7.42868 
7.35347 
7.68854 
7.62447 
7.49687 
7.43148 
3.70985 
3.3938 
3.17875 
2.84035 
2.70023 
3.26883 
4.07847 
6.93092 
8.06527 
8.42516 
8.33393 
8.31983 
8.03434 
7.1918 
4.18898 
3.74982 
3.04015 
3.06749 
3.05856 
6.92652 
7.61284 
7.63315 
7.90204 
7.88311 
7.96924 
7.93977 
7.78023 
7.73297 
7.47205 
7.76221 
7.83823 
7.68982 
6.77312 
5.03823 
3.04301 
2.98304 
3.30205 
3.15284 
3.34258 
4.04414 
4.8899 
7.08919 
7.72171 
8.29695 
8.53631 
8.68226 
9.02512 
8.96443 
8.40546 
7.61559 
6.99003 
6.81144 
4.66595 
7.5468 
7.42285 
7.58937 
7.11523 
6.86722 
6.88327 
6.98492 
4.38487 
3.74732 
3.5488 
3.13793 
2.90316 
2.75878 
3.00286 
3.7022 
7.50569 
8.38835 
8.49861 
8.22204 
8.12848 
7.55489 
7.02285 
3.77087 
3.01995 
2.65607 
2.97124 
4.80787 
6.8008 
7.87233 
8.06179 
8.04873 
7.87732 
7.96656 
8.18507 
8.00581 
7.70547 
7.94862 
7.87007 
7.76705 
6.95291 
3.95695 
2.94634 
2.67602 
2.66172 
2.93027 
2.88108 
3.25272 
3.70745 
3.6079 
5.17876 
7.64245 
7.91306 
8.5158 
8.68593 
8.66098 
8.41439 
8.30391 
7.58852 
7.32197 
6.23482 
6.98074 
7.21163 
7.45643 
7.83009 
7.29483 
7.19393 
6.75077 
4.48314 
4.38113 
3.35927 
3.3742 
3.00566 
2.9039 
2.67072 
3.12802 
4.276 
7.89497 
8.35934 
8.31829 
8.37378 
7.8575 
6.90079 
4.37293 
3.31716 
2.70338 
2.71213 
3.76949 
4.21441 
7.21206 
7.62713 
8.21521 
8.36431 
8.16705 
8.14183 
7.99056 
8.08835 
8.06194 
7.92189 
7.85167 
7.29257 
6.21587 
3.07944 
2.65512 
2.36466 
2.45496 
2.60369 
2.97793 
3.20548 
3.368 
3.59684 
4.38845 
7.17057 
7.8719 
8.40409 
8.31991 
8.32392 
8.2139 
7.84339 
7.35779 
7.3768 
7.03838 
4.88357 
4.90109 
7.5626 
7.56853 
7.26734 
7.23789 
7.15113 
4.86012 
4.08134 
3.60966 
3.43002 
3.19248 
2.89401 
2.8618 
3.57916 
7.36408 
7.98634 
8.5314 
8.66804 
8.16447 
7.71267 
7.1305 
3.51062 
2.79793 
2.4193 
3.23575 
3.18054 
3.8418 
4.78019 
7.35328 
7.9264 
8.1733 
8.10057 
8.02748 
8.13099 
8.17079 
8.20153 
8.0375 
7.83441 
7.36692 
4.5609 
2.84671 
2.42088 
2.38381 
2.5379 
2.5819 
2.72865 
2.85429 
3.03774 
3.59358 
4.16003 
6.5164 
7.62222 
8.18946 
7.91527 
8.09012 
7.64555 
7.75757 
7.32223 
7.37427 
4.39766 
4.21739 
6.67732 
7.49812 
4.63004 
6.88722 
6.90504 
5.40513 
7.28658 
4.41291 
3.74784 
3.26527 
3.29062 
3.16085 
3.15341 
7.29396 
7.8156 
8.09348 
8.47001 
8.5675 
8.02926 
7.63028 
4.21209 
3.4314 
2.78311 
2.81917 
3.09569 
3.08891 
3.55695 
4.63618 
7.32492 
7.89365 
7.83084 
7.76357 
8.31809 
8.29041 
8.3214 
8.11265 
8.05182 
7.90065 
6.14843 
3.33161 
3.00334 
2.80815 
2.68139 
2.59171 
2.67698 
2.76664 
2.8739 
3.10924 
3.37522 
4.11324 
4.41182 
7.11321 
7.59456 
7.34476 
7.56152 
5.52168 
5.79261 
4.53942 
6.92415 
4.38758 
4.22958 
4.44576 
7.27944 
4.03788 
4.2629 
4.49391 
5.17252 
6.40692 
5.38326 
3.93803 
3.63346 
3.21888 
3.19297 
4.46951 
7.60797 
7.75105 
8.44305 
8.54331 
8.45995 
8.11931 
6.86689 
5.64715 
3.16391 
2.73105 
2.55214 
2.88133 
3.12328 
3.21506 
3.61322 
4.11123 
7.52948 
7.70249 
7.92566 
8.53325 
8.70607 
8.21916 
8.20848 
7.98245 
7.78709 
5.06604 
3.4133 
2.97105 
3.01895 
2.64758 
2.78402 
2.87618 
2.88116 
2.87177 
3.31282 
4.40585 
4.34331 
7.17492 
7.34214 
4.94321 
7.0329 
7.03195 
5.65178 
4.08973 
4.92088 
6.77996 
6.97938 
4.92047 
4.49121 
4.64008 
3.80297 
4.73704 
4.89756 
5.11624 
6.709 
4.87764 
4.25969 
4.34432 
3.33526 
4.24987 
7.43858 
7.86114 
8.25546 
8.62778 
8.50639 
8.35983 
7.92492 
4.19962 
3.37271 
2.63814 
2.58313 
2.54431 
2.53799 
2.59802 
2.79405 
3.48754 
4.10767 
7.0989 
7.57749 
7.93641 
8.49811 
8.40771 
8.17949 
7.83197 
8.11677 
7.31344 
4.1416 
3.29666 
3.16426 
3.1525 
2.99258 
3.2928 
3.09421 
3.42543 
3.49521 
4.41012 
4.07921 
4.70162 
6.01116 
6.8021 
5.33172 
5.17948 
4.42127 
3.74732 
4.37137 
6.77037 
4.52716 
4.40711 
4.44606 
5.68447 
5.42828 
7.05785 
6.98599 
6.99156 
6.84546 
7.20987 
7.20302 
5.07961 
3.97252 
3.85583 
7.23507 
7.79766 
8.28447 
8.86783 
9.08993 
8.75712 
8.15142 
7.34001 
4.90081 
2.88122 
2.52056 
2.46017 
2.30666 
2.34011 
2.5298 
2.76622 
3.19397 
3.9851 
7.25143 
7.49622 
8.03038 
8.27531 
8.17666 
7.95385 
7.55094 
7.44322 
4.84371 
3.63253 
3.25396 
3.27066 
3.26744 
3.25467 
3.25593 
3.20373 
3.76619 
4.49641 
6.66756 
6.86518 
6.49797 
6.86957 
4.01798 
5.32638 
6.77941 
3.77124 
3.70311 
4.95592 
7.09033 
6.92306 
6.33703 
4.67639 
3.87885 
7.1191 
5.64101 
7.06463 
7.364 
7.33848 
7.60272 
7.61872 
6.20871 
4.55278 
6.97301 
7.73076 
8.46799 
8.83491 
8.88817 
9.17913 
8.72954 
8.09692 
7.51893 
3.01509 
2.78726 
2.86893 
2.69548 
2.4683 
2.31086 
2.4845 
2.68157 
2.76998 
3.55655 
6.47076 
7.67441 
7.9676 
8.17175 
7.90655 
7.69034 
7.05845 
5.06646 
3.49563 
3.33461 
3.27771 
3.31141 
3.23639 
3.40984 
3.2302 
4.01138 
4.60076 
6.77393 
7.12701 
7.23446 
7.2258 
6.14476 
4.06406 
4.30749 
4.6402 
3.63254 
4.08342 
6.99496 
7.1439 
4.60669 
5.05688 
5.44743 
3.81645 
4.05303 
7.11293 
7.28207 
7.01835 
7.55625 
7.81256 
7.42126 
7.0425 
7.32126 
7.80778 
8.44832 
8.78088 
9.38696 
9.44334 
9.30587 
8.8407 
8.21461 
3.24535 
2.91947 
2.96497 
2.59605 
2.60159 
2.48033 
2.16131 
2.33212 
2.66695 
2.90991 
3.98766 
5.40131 
7.81751 
8.13023 
7.9964 
7.81304 
7.0441 
4.92895 
3.19029 
3.31585 
3.41851 
3.38527 
3.17433 
3.45642 
3.49852 
3.74023 
5.89677 
7.11798 
7.4391 
7.28776 
7.25346 
6.96503 
3.9917 
3.71425 
3.52819 
3.67271 
3.83186 
6.88522 
7.82771 
7.62002 
7.46885 
7.2823 
7.40532 
3.74515 
4.4024 
5.41696 
7.24313 
7.27344 
7.13651 
7.68507 
7.25084 
7.38825 
7.77413 
8.21078 
8.96354 
9.4155 
9.7805 
10 
9.74714 
8.88282 
2.83435 
3.22721 
2.80892 
2.69654 
2.64155 
2.75681 
2.56639 
2.48742 
2.36948 
2.62468 
3.33715 
4.09874 
7.33365 
7.89733 
8.1406 
7.79858 
7.10802 
6.97598 
3.18672 
3.0176 
3.09328 
2.9238 
2.69748 
2.99429 
2.85379 
3.59052 
4.13117 
7.26119 
7.51447 
7.37494 
7.04807 
5.92329 
4.56359 
3.82215 
3.50963 
3.23533 
3.37008 
4.121 
7.69655 
8.0916 
8.12514 
7.57546 
7.10327 
6.87901 
3.81111 
4.13874 
5.41339 
7.27469 
7.61262 
7.49013 
6.86733 
7.22801 
7.58309 
8.04083 
8.5455 
9.40109 
9.94246 
10 
10 
9.64404 
2.57355 
2.79195 
2.90705 
2.8207 
2.81427 
2.57637 
2.80701 
2.72263 
2.57166 
2.41667 
3.32598 
3.86231 
5.01704 
7.8792 
8.18736 
7.93308 
7.50068 
7.34842 
3.84325 
3.31188 
2.98147 
2.94608 
3.0115 
2.91031 
2.86476 
3.1717 
3.83476 
4.72442 
7.57408 
7.07749 
7.49564 
7.22654 
6.61001 
4.11376 
4.21836 
3.5347 
2.70572 
2.89178 
4.8013 
7.75994 
8.12486 
8.04835 
7.69669 
6.66973 
7.06543 
3.60834 
3.84312 
4.20285 
7.2855 
7.39354 
4.58227 
4.66435 
7.46326 
7.49725 
8.15972 
8.77076 
9.65863 
10 
10 
10 
2.38481 
2.60724 
2.51663 
2.88919 
2.50221 
2.5218 
2.55089 
2.73651 
2.78638 
2.45416 
2.99458 
3.57351 
7.26418 
7.21458 
8.24226 
7.97767 
7.84677 
7.69483 
5.88669 
3.55944 
3.26721 
2.76197 
2.98891 
2.96259 
3.1013 
3.06348 
3.66993 
3.80575 
5.26123 
7.17983 
7.34301 
6.9048 
4.37311 
4.10868 
3.47168 
3.20581 
2.9798 
2.66192 
2.79283 
3.96846 
7.43014 
7.70734 
7.73599 
7.27066 
4.76721 
4.03043 
3.89712 
3.35421 
3.69891 
5.0194 
4.62721 
4.28228 
4.14558 
5.9988 
7.527 
8.30133 
8.93295 
9.39138 
10 
10 
2.13681 
2.17659 
2.39178 
2.64203 
2.41168 
2.37725 
2.4184 
2.50655 
2.45898 
2.34735 
3.01988 
3.69079 
5.29287 
7.36241 
8.23321 
8.10489 
7.96753 
7.82534 
7.24055 
3.61137 
3.15564 
2.6391 
2.70017 
2.90418 
2.86675 
3.19155 
3.55899 
3.82489 
3.94003 
6.47145 
7.46465 
6.77036 
6.84326 
4.04255 
3.68798 
3.11118 
2.99322 
2.66433 
2.53455 
3.21421 
3.9483 
7.52045 
7.54799 
7.68267 
5.69774 
4.52292 
4.50426 
3.93602 
3.7358 
3.40863 
4.00061 
3.80922 
3.84245 
3.90673 
4.34036 
7.28871 
8.54563 
8.887 
10 
10 
1.89996 
2.07998 
2.09929 
2.36009 
2.71725 
2.42619 
2.11543 
2.34687 
2.60515 
2.61119 
2.66809 
3.42203 
4.18021 
6.91447 
7.91621 
8.31042 
8.14725 
7.96634 
7.62139 
4.12978 
3.36568 
2.74226 
2.61296 
2.67359 
2.90783 
3.07426 
3.27742 
3.61896 
4.0341 
4.65694 
4.69416 
6.65252 
6.79285 
4.14172 
3.68271 
3.45777 
2.75317 
2.81168 
2.44926 
2.51428 
2.99384 
6.5353 
7.57044 
7.4302 
7.37192 
5.00633 
7.02307 
6.91342 
5.06202 
3.67312 
3.40628 
3.31343 
3.38012 
3.605 
3.43268 
4.33535 
7.78914 
8.27921 
8.91782 
9.46313 
2.04621 
2.07601 
1.96362 
2.29038 
2.15372 
2.26034 
2.07907 
2.05469 
1.91996 
2.46241 
2.6461 
3.11894 
3.686 
4.2015 
7.2075 
8.0928 
8.07139 
8.02354 
7.7781 
4.21606 
3.49287 
2.52062 
2.4668 
2.78511 
2.57521 
3.04908 
3.18267 
3.3433 
3.56726 
4.07462 
5.07423 
5.3122 
7.09194 
4.78088 
4.16751 
3.47229 
3.1178 
2.76783 
2.54824 
2.49027 
2.43456 
3.17476 
4.32341 
7.34646 
6.79433 
7.4193 
7.50979 
7.15674 
4.19339 
4.10792 
3.91615 
3.15543 
2.8166 
3.03455 
3.35677 
3.56177 
5.29293 
7.51804 
8.42427 
8.64965 
2.57181 
2.42227 
2.11592 
2.14025 
1.88991 
1.80477 
1.88936 
2.14475 
2.00846 
1.72591 
2.34768 
2.77811 
3.31345 
3.78155 
6.42448 
7.9601 
8.13187 
8.19889 
8.03949 
5.11258 
3.62183 
2.79051 
2.43402 
2.36117 
2.69709 
3.0629 
3.22765 
3.19439 
3.59435 
3.60431 
4.32723 
4.41534 
7.06585 
5.0895 
4.16894 
3.91762 
3.38032 
3.01441 
2.5149 
2.6894 
2.76337 
2.95347 
3.41925 
4.1094 
5.68947 
7.4472 
7.49463 
7.63426 
7.41929 
6.89722 
3.49823 
3.66126 
2.59819 
2.42051 
2.76939 
3.1884 
3.54778 
4.41425 
7.62438 
8.008 
2.69881 
2.60767 
2.31847 
2.2735 
2.19771 
2.29318 
1.79369 
1.63182 
1.5626 
1.80194 
1.83871 
2.42893 
2.98177 
3.33128 
4.39527 
7.25615 
8.06479 
8.16326 
7.99795 
7.5755 
4.34834 
3.25796 
2.64294 
2.31853 
2.3461 
2.86564 
3.17941 
3.18346 
3.39349 
3.26385 
3.60098 
3.99009 
6.90032 
4.81576 
4.05341 
4.08795 
3.99013 
3.63699 
2.96075 
2.66985 
2.69514 
2.7096 
3.50168 
3.55958 
4.155 
5.01921 
7.29335 
7.53773 
7.60934 
7.71923 
7.32156 
3.55137 
3.52021 
2.33318 
2.46601 
2.74691 
3.07061 
3.40293 
3.75332 
7.52819 
3.4834 
2.93684 
2.74386 
2.42345 
2.52027 
2.40143 
2.10751 
1.72248 
1.35141 
1.65553 
1.71539 
2.08707 
2.7868 
3.07934 
3.46622 
4.87197 
7.80269 
7.95762 
8.28306 
7.68844 
4.96927 
3.56553 
2.58801 
2.38132 
2.15875 
2.64231 
3.2179 
3.04228 
3.22622 
3.44514 
3.38494 
3.63577 
4.02121 
5.26232 
4.53643 
3.8432 
3.93318 
3.56443 
3.73077 
2.86085 
3.12059 
3.04681 
3.31461 
3.81804 
4.00726 
4.76973 
7.34586 
7.33289 
7.72433 
7.9915 
8.03989 
7.69588 
3.38201 
2.24162 
2.25926 
2.48087 
2.29743 
2.78815 
3.80728 
4.43146 
3.86092 
3.87328 
3.04265 
2.6621 
2.59634 
2.71909 
2.54324 
2.23408 
2.03362 
1.64802 
1.63252 
2.15106 
2.52179 
2.79228 
3.55844 
4.02661 
6.88043 
7.79629 
8.26399 
7.96984 
7.45409 
3.44684 
3.06513 
2.75055 
2.4554 
2.52659 
2.66323 
3.01609 
3.13986 
3.44357 
3.66959 
3.45376 
3.89625 
3.99142 
4.63579 
4.42025 
4.18563 
3.90045 
3.83621 
3.78502 
3.392 
3.23583 
3.51696 
3.98334 
3.9036 
4.5014 
7.20362 
7.63177 
7.66849 
7.85817 
8.26506 
8.14472 
8.22012 
3.19239 
2.38467 
2.11328 
2.05019 
2.20591 
2.6805 
3.47349 
4.06749 
3.96044 
3.32417 
3.21561 
2.77918 
2.82946 
2.79131 
2.50665 
1.98148 
1.93365 
1.89701 
2.23329 
2.33377 
2.58219 
2.67316 
3.27633 
6.98224 
7.27157 
8.25312 
8.02424 
7.87778 
4.27749 
3.29147 
3.03004 
2.63887 
2.18939 
2.4873 
2.62054 
2.86919 
3.37108 
3.3406 
3.52704 
3.69799 
3.80308 
4.12352 
3.98992 
3.98812 
3.97386 
3.95687 
3.59456 
3.41636 
3.35098 
3.54314 
3.64205 
3.40871 
3.75263 
4.02234 
7.50524 
7.73856 
7.90151 
7.91224 
8.21606 
8.20484 
7.13646 
2.74075 
2.37818 
2.1671 
1.92758 
2.38789 
2.81604 
6.69815 
3.87495 
3.67022 
3.52612 
3.73203 
2.9418 
3.13492 
2.92155 
2.30111 
2.04388 
2.11991 
2.43048 
2.35245 
2.40191 
2.72627 
2.78074 
4.39586 
5.85356 
7.88772 
8.25162 
8.17508 
7.62184 
3.5349 
3.13975 
2.97394 
2.43962 
1.91722 
2.31237 
2.86769 
3.03124 
3.25411 
3.50155 
3.66976 
3.83855 
4.05713 
3.72333 
4.20052 
4.05305 
4.06974 
3.70951 
3.67854 
3.22997 
3.34199 
3.45202 
3.52444 
3.40785 
3.54699 
7.07077 
7.77738 
8.28277 
7.82764 
7.7033 
8.15287 
7.70681 
4.11277 
2.31808 
2.29475 
2.34684 
1.98388 
2.46892 
4.86081 
4.13703 
3.48515 
3.39888 
3.37811 
3.60495 
2.87118 
2.98648 
2.79973 
2.58598 
2.5368 
2.82959 
2.75636 
2.52153 
2.66257 
2.86305 
3.29445 
4.8379 
7.70968 
7.86902 
7.99141 
7.97449 
4.33752 
3.19387 
2.82521 
2.65552 
2.46654 
2.53764 
2.71584 
2.76926 
3.13595 
3.45665 
3.6529 
3.65047 
3.64624 
3.67511 
3.73867 
4.13332 
3.43514 
3.27919 
3.78474 
3.76586 
3.51357 
3.28296 
3.48472 
3.17177 
3.26232 
3.69904 
7.01411 
8.04026 
8.47796 
8.27759 
7.97584 
7.71826 
4.21967 
2.63288 
2.34939 
2.30541 
2.1904 
2.09433 
7.47019 
7.27611 
7.08998 
3.49559 
3.83112 
3.82796 
3.65713 
3.15199 
2.97749 
2.89416 
2.7916 
3.07445 
2.92516 
2.76979 
2.39616 
2.77417 
3.03114 
3.70402 
5.83963 
7.32717 
7.87865 
7.87258 
7.65024 
3.77022 
3.2704 
2.71159 
2.73566 
2.53063 
2.79427 
3.13318 
3.02355 
3.31096 
3.80293 
3.56473 
3.55151 
3.41268 
3.5876 
3.86301 
3.63604 
3.50622 
3.8826 
3.84005 
3.75184 
3.7079 
3.63177 
3.71878 
3.43127 
3.47248 
3.94817 
7.81909 
8.31666 
8.34223 
8.50625 
8.02717 
7.08597 
3.05513 
3.01749 
2.62206 
2.49766 
2.37988 
7.53648 
7.83459 
7.73438 
7.27924 
4.53966 
4.30803 
4.03323 
4.62276 
4.01635 
3.30344 
3.3866 
3.13408 
3.43001 
4.09009 
3.47939 
3.40469 
2.8219 
3.45283 
4.6791 
7.462 
7.54665 
8.05814 
7.91123 
7.10768 
3.41531 
3.0314 
2.66505 
2.54222 
2.91514 
3.00758 
3.35842 
3.29756 
3.54525 
3.45278 
3.49145 
3.39622 
3.80457 
3.51819 
3.2067 
3.27345 
3.2956 
3.55611 
4.63649 
3.45977 
3.74461 
3.86481 
3.53658 
3.38058 
3.46438 
7.16718 
7.92899 
8.37322 
8.47201 
8.18182 
6.56191 
2.65091 
2.56032 
2.68178 
2.24703 
2.14166 
7.81228 
7.80256 
7.81869 
7.68016 
7.86322 
7.18712 
7.50629 
7.28003 
7.62504 
7.698 
7.73675 
7.93914 
8.27784 
6.82098 
7.25575 
4.29862 
3.42373 
3.5212 
6.81308 
7.14112 
7.63665 
7.91 
8.08653 
7.79931 
6.00488 
3.6005 
3.2865 
3.04 
3.37636 
3.28268 
3.25811 
3.42642 
3.97111 
3.84543 
3.9285 
3.74225 
3.35175 
3.19068 
3.57875 
3.14506 
3.30118 
3.2952 
3.90127 
4.57711 
3.45906 
3.4878 
3.66916 
3.6339 
3.25009 
6.337 
7.68443 
8.16406 
8.55562 
8.26074 
7.75401 
2.97071 
2.42321 
2.16434 
2.2717 
2.1633 
5.12492 
7.55417 
7.54341 
7.6875 
7.78743 
7.89791 
7.60914 
7.83632 
7.68633 
7.73436 
7.7584 
7.87956 
8.27316 
7.94823 
7.64805 
4.99533 
3.50369 
3.61282 
3.7605 
7.29203 
7.69116 
8.05816 
7.90137 
8.0066 
7.18109 
4.01097 
3.34896 
3.57874 
3.54439 
4.07169 
3.81509 
3.56859 
3.48075 
3.74484 
3.86552 
3.9056 
3.50475 
3.30701 
3.215 
3.12942 
3.09841 
3.12591 
3.30148 
3.81285 
3.91789 
3.58417 
3.49661 
3.58343 
3.57086 
3.55204 
7.47079 
7.68195 
8.07646 
8.18056 
7.93482 
3.69518 
2.62534 
2.41342 
2.14114 
2.08895 
4.73935 
4.74948 
7.16651 
7.19638 
7.66356 
7.56403 
7.87969 
7.84247 
7.73189 
7.75055 
7.85642 
7.52801 
8.32491 
8.18174 
8.10085 
7.23327 
6.75341 
3.95586 
3.74704 
4.66434 
8.17157 
7.78821 
7.89962 
7.78646 
8.20361 
3.99277 
4.55358 
3.84258 
3.60758 
5.39027 
7.1571 
6.34827 
6.99704 
3.94265 
4.33226 
3.64417 
3.65248 
3.36774 
3.36915 
2.97889 
2.66726 
2.76251 
2.97226 
3.04211 
3.44454 
3.86958 
3.49055 
3.48804 
3.43615 
4.01857 
6.87522 
7.86362 
7.93886 
7.89852 
7.64111 
3.56974 
2.90584 
2.54669 
2.06175 
2.01521 
3.51661 
3.95495 
4.24032 
4.07156 
6.50951 
4.19262 
7.0738 
7.19915 
7.76352 
7.78915 
6.9069 
7.5333 
7.71542 
7.44595 
7.61732 
7.50984 
4.74951 
4.18783 
6.67563 
4.53084 
7.248 
7.82375 
7.79711 
7.5848 
7.03019 
4.53104 
3.29105 
3.71149 
3.26696 
3.88032 
6.73191 
7.45204 
7.28668 
6.9643 
4.5006 
4.8552 
3.71843 
3.66391 
3.53342 
3.26756 
2.70307 
2.61719 
2.71494 
2.53652 
3.01044 
3.24007 
3.24296 
3.25902 
3.21457 
3.7094 
6.96211 
7.8351 
8.02023 
7.62559 
7.51439 
3.76932 
2.91959 
2.06409 
1.9072 
1.85222 
3.20204 
3.47765 
3.79877 
3.73268 
3.77738 
3.63325 
3.92348 
4.81515 
4.10379 
4.2059 
4.57133 
4.94213 
7.31738 
6.98279 
5.32402 
4.17457 
3.59164 
3.20124 
3.28492 
3.72981 
7.17262 
7.52669 
7.63055 
7.4836 
7.05014 
3.63435 
3.24499 
3.06649 
3.41135 
3.42975 
3.94021 
6.74838 
7.75451 
7.25384 
7.46627 
4.46062 
4.74843 
3.62628 
3.27433 
2.95421 
2.6355 
2.65474 
2.53701 
2.39508 
2.58198 
2.72145 
2.99612 
3.02196 
2.95902 
3.8484 
4.84233 
7.76968 
8.15809 
8.12127 
7.57808 
4.46877 
2.69276 
2.15158 
1.79949 
1.76305 
3.25 
3.35491 
3.33407 
3.23978 
3.34503 
3.3468 
3.55829 
4.1588 
4.17269 
4.1748 
6.96583 
4.50371 
4.51272 
7.18262 
5.4409 
4.37053 
3.63601 
3.19446 
2.97332 
3.14039 
3.48999 
7.07643 
6.96462 
7.43235 
6.92548 
3.31951 
2.52759 
2.56463 
3.00778 
3.13414 
3.01519 
3.72978 
6.49574 
7.32002 
7.2986 
7.07393 
4.61632 
4.15707 
3.4449 
3.0859 
2.63943 
2.6072 
2.54557 
2.72558 
2.64908 
2.67409 
2.46801 
2.91804 
2.95897 
3.41682 
4.09308 
7.68948 
8.05848 
8.18968 
7.78676 
5.47643 
3.10747 
2.28708 
2.29575 
1.58954 
3.20795 
2.9706 
3.13542 
3.2239 
3.13427 
2.99376 
3.29023 
3.49074 
3.70114 
4.2513 
6.88723 
6.44681 
5.13655 
7.34573 
6.90489 
3.55456 
3.99506 
3.28243 
3.18104 
2.97059 
2.98169 
3.93052 
7.5656 
6.54308 
3.97322 
3.86677 
2.80055 
2.03079 
2.28318 
2.56016 
2.98178 
3.22414 
3.79098 
4.54788 
4.79091 
5.25209 
4.9179 
3.72568 
3.64669 
3.09348 
2.78522 
2.47322 
2.60307 
2.55219 
2.71933 
2.61902 
2.4832 
2.57704 
2.95334 
3.05983 
4.0372 
7.66592 
8.18482 
8.09165 
8.11233 
6.57218 
3.99635 
2.61291 
2.62263 
2.32238 
2.89119 
3.11948 
3.07173 
2.97863 
3.02558 
3.15044 
3.04677 
3.24375 
3.715 
3.5977 
4.33241 
7.05611 
7.56889 
7.35552 
7.11606 
4.24258 
3.40548 
3.41113 
3.34935 
3.13652 
2.98999 
2.93014 
4.07279 
4.41431 
4.23184 
3.83357 
3.04672 
2.4934 
1.80884 
2.04919 
2.15656 
2.73754 
3.02624 
3.59491 
4.48396 
4.54334 
4.69422 
3.9213 
4.04836 
3.71252 
2.92124 
2.90146 
2.69356 
2.46583 
2.41899 
2.47097 
2.56225 
2.36333 
2.81551 
3.00203 
3.80576 
6.88217 
8.40332 
8.40533 
8.09351 
7.64471 
4.66532 
3.36747 
2.72582 
2.44867 
2.95557 
2.80614 
2.84358 
2.95476 
2.92236 
3.10552 
3.37206 
3.0596 
3.43578 
3.96602 
4.02057 
4.34919 
7.18283 
7.6071 
7.66995 
7.286 
3.78771 
3.29275 
3.07137 
3.11191 
2.93154 
3.36227 
3.63623 
3.56403 
4.90671 
3.99105 
2.97932 
2.84904 
1.976 
1.49357 
1.74354 
2.14803 
2.51345 
2.74136 
3.0833 
3.46442 
3.63174 
3.58024 
3.32451 
3.82873 
3.25796 
3.05487 
2.87393 
2.51352 
2.52179 
2.352 
2.37431 
2.57267 
2.66725 
2.85232 
3.31824 
4.45699 
8.25129 
8.66677 
8.15343 
7.85493 
7.58618 
3.78227 
3.47572 
2.83663 
2.89834 
2.83383 
2.7069 
2.62875 
2.61224 
2.78303 
3.02987 
3.1846 
3.13797 
3.29311 
3.32685 
3.49551 
5.01402 
7.3639 
7.6854 
7.68872 
7.04164 
3.68788 
3.40411 
2.65665 
2.79759 
3.05862 
3.37603 
3.52299 
4.44219 
4.31141 
3.46274 
3.40542 
2.33906 
2.15066 
1.26985 
2.00781 
2.0277 
2.16452 
2.20416 
2.76832 
3.04393 
3.11077 
3.3284 
3.32317 
3.4881 
3.493 
3.10473 
3.0597 
2.90157 
2.78774 
2.821 
2.6404 
2.75647 
2.76267 
2.73837 
3.73468 
7.48893 
8.45992 
8.37987 
8.3315 
7.69343 
7.79099 
4.82934 
3.19571 
