7.17005 
7.75528 
8.16781 
8.00499 
8.23339 
8.13099 
8.345 
8.37091 
8.36625 
8.0843 
8.19243 
7.77555 
7.71055 
7.71022 
7.441 
3.58724 
3.17572 
2.95686 
2.54873 
2.10642 
2.48153 
2.2742 
2.34624 
2.73129 
4.17911 
7.45491 
7.92944 
8.11283 
8.28192 
8.22311 
8.62539 
8.79109 
8.58809 
8.43904 
7.78848 
4.66749 
3.8796 
3.738 
3.67 
3.24346 
4.50551 
7.1108 
7.60127 
8.02518 
8.33023 
8.45536 
8.48809 
8.1694 
7.88074 
7.73999 
7.69901 
4.75527 
3.8267 
3.35582 
3.39017 
3.19689 
3.12266 
2.95042 
2.67651 
2.6684 
3.90522 
4.22402 
7.80415 
8.22209 
8.11346 
8.06876 
8.03597 
8.4587 
8.36553 
8.33819 
8.37998 
7.93459 
7.80377 
8.09038 
7.80833 
6.91295 
4.09164 
3.05358 
2.8707 
2.52124 
2.33729 
2.24678 
2.29446 
2.42535 
3.07741 
3.76703 
4.58447 
7.53041 
8.01942 
8.25103 
8.49821 
8.67036 
8.75045 
8.78552 
8.47383 
7.90712 
6.88453 
4.31309 
4.68274 
3.44148 
2.95811 
3.80481 
5.75833 
7.61558 
8.36921 
8.63482 
8.4581 
8.35593 
8.19305 
8.16844 
7.7902 
7.6646 
4.38636 
3.92629 
3.80679 
3.94643 
3.39414 
2.85739 
2.73957 
2.56606 
2.75844 
3.05899 
3.60194 
5.26546 
8.01205 
8.27812 
8.14223 
8.07029 
8.39485 
8.26975 
8.27639 
8.36523 
7.64137 
7.76107 
7.94637 
7.66673 
7.37043 
4.13436 
3.55375 
2.58571 
2.53298 
2.51949 
2.22566 
2.36569 
2.7258 
3.08676 
3.5835 
3.28097 
7.26476 
7.82697 
8.34409 
8.55326 
8.6404 
8.77557 
8.82277 
8.4308 
8.24406 
7.47851 
7.20295 
4.1958 
3.1822 
3.00468 
3.45301 
3.70885 
7.85428 
8.1881 
8.75932 
8.53739 
8.55947 
8.20414 
8.43196 
7.90827 
7.59145 
4.79579 
3.7949 
4.202 
4.39196 
3.47562 
2.98202 
2.79095 
2.53306 
2.27082 
2.63328 
3.48146 
4.60851 
7.51083 
7.84279 
8.24252 
8.57497 
8.29246 
8.6081 
8.3859 
8.13645 
7.9117 
8.06482 
7.91287 
7.74356 
7.57435 
7.17828 
3.30721 
2.92481 
2.48733 
2.58083 
2.48277 
2.67452 
2.95489 
2.97876 
2.66722 
3.11912 
4.71313 
7.94902 
8.2473 
8.62322 
8.68587 
8.74029 
8.59428 
8.49724 
8.17491 
7.86569 
5.41767 
3.31519 
3.05841 
3.22144 
3.21772 
7.16828 
7.88251 
8.37613 
8.61999 
8.72519 
8.73341 
8.71084 
8.63261 
8.00872 
7.50042 
4.79535 
3.86958 
4.5885 
4.02749 
3.58058 
3.17897 
2.40085 
2.08499 
2.23622 
2.46252 
2.93579 
3.93092 
7.00211 
7.51756 
8.26196 
8.1268 
8.44054 
8.43013 
8.38403 
7.92371 
8.07043 
8.19474 
7.88437 
7.79196 
7.65136 
6.75555 
4.37508 
3.13023 
2.95871 
3.02884 
3.21902 
3.00879 
2.84187 
2.56722 
2.71862 
3.16205 
4.11297 
7.22361 
8.13753 
8.46305 
8.58576 
8.85085 
8.68429 
8.73331 
8.32416 
7.3302 
4.7258 
2.98313 
2.96288 
2.86503 
3.26579 
7.36752 
7.79748 
8.22492 
8.76267 
8.78983 
8.89647 
8.65419 
8.53099 
7.72392 
5.01702 
5.74163 
7.5935 
7.56893 
6.23231 
4.99744 
2.30372 
2.25448 
2.07394 
2.0405 
2.4434 
2.92561 
4.0261 
6.54837 
7.71501 
7.8925 
8.15173 
8.21522 
8.41589 
8.39814 
8.35359 
8.41566 
8.30874 
8.06196 
8.07973 
8.00619 
7.64431 
7.26975 
3.69451 
3.6145 
3.11128 
3.32896 
2.86321 
2.53092 
2.20519 
2.23164 
2.6284 
3.42012 
4.2 
7.58573 
8.15681 
8.35515 
8.77005 
8.68253 
8.75847 
8.2799 
7.58407 
3.57314 
3.17565 
3.31384 
3.05077 
3.41685 
4.1349 
7.34286 
7.74385 
8.45082 
8.76978 
9.02364 
8.69699 
8.35057 
7.219 
7.66821 
7.67712 
7.80137 
7.76262 
6.78573 
2.42688 
1.83602 
1.4411 
1.79015 
2.14917 
2.23656 
2.86702 
3.57656 
6.7962 
6.58102 
7.64084 
8.17107 
8.26629 
8.27327 
8.23992 
8.34549 
8.44244 
8.62038 
8.46035 
8.3858 
8.42276 
8.09467 
7.95832 
8.11967 
8.28738 
4.22346 
3.31698 
2.83247 
2.5846 
2.30602 
2.57192 
2.51072 
2.98646 
3.66393 
6.65509 
7.70392 
8.30118 
8.28677 
8.05787 
8.25315 
8.25275 
4.15771 
3.82651 
3.18315 
2.92906 
3.18821 
3.38351 
3.77685 
7.49452 
7.90162 
8.17829 
8.357 
8.24448 
8.15265 
7.62296 
7.22007 
7.8476 
7.84851 
7.96781 
7.38295 
3.43631 
2.63079 
1.93321 
1.72838 
1.52945 
2.06435 
2.36339 
3.02676 
3.49261 
4.06933 
7.64402 
7.91683 
8.26539 
8.25647 
8.06245 
8.25984 
8.09388 
8.32766 
8.28096 
8.25403 
8.38853 
8.29489 
8.1686 
8.11468 
8.16639 
8.0226 
7.59828 
3.84852 
3.05702 
2.73944 
2.62358 
2.78824 
2.90526 
2.98166 
3.22031 
4.06123 
7.5577 
8.11697 
8.19618 
8.34161 
8.18251 
7.50313 
3.83653 
3.15837 
2.96075 
2.48104 
3.15276 
4.3889 
4.33225 
7.85247 
8.25589 
8.25201 
8.19707 
7.17028 
7.68992 
6.95055 
4.26853 
7.74338 
7.74799 
7.73024 
6.71361 
3.49461 
2.85685 
2.44017 
2.06304 
1.79786 
2.01113 
2.41933 
2.96943 
3.35599 
4.17174 
7.47669 
8.3173 
8.28771 
8.24526 
7.82325 
8.57661 
8.16875 
8.19923 
8.20669 
8.004 
8.28646 
8.18274 
8.20472 
8.26162 
8.21659 
8.32319 
7.5173 
4.15763 
3.73782 
3.29491 
2.9722 
3.17097 
3.15462 
3.16706 
3.41989 
7.14369 
7.48328 
8.06602 
8.00568 
8.31165 
7.60666 
4.52372 
3.27635 
3.11311 
3.04448 
2.72888 
3.55339 
4.05311 
7.5601 
8.0456 
8.23232 
8.20577 
7.23054 
3.85319 
7.1921 
5.7374 
6.46434 
7.1999 
7.5644 
8.08253 
7.0022 
3.29611 
2.84509 
2.47622 
2.32743 
2.28705 
2.22118 
2.52881 
3.23281 
3.4813 
4.70065 
7.01288 
7.8411 
7.8521 
7.81594 
7.64827 
8.37578 
8.391 
7.8723 
7.84192 
8.05398 
8.04585 
7.99753 
8.23655 
8.35784 
8.40643 
8.51263 
8.13468 
7.90297 
7.62095 
4.62729 
3.7031 
3.79286 
3.16819 
3.24448 
3.59671 
7.43508 
7.77412 
7.54499 
7.75799 
4.90282 
4.1298 
3.04543 
2.81562 
2.97719 
3.20226 
3.81017 
4.28691 
6.21194 
8.0367 
7.96938 
7.55828 
4.99616 
3.55551 
3.58883 
4.31906 
3.63395 
7.14625 
7.27658 
8.40903 
8.112 
7.62386 
4.0583 
3.21766 
2.83263 
2.77192 
2.67602 
2.55213 
3.07246 
3.69892 
3.77584 
3.86273 
7.69652 
7.79455 
8.00388 
7.59356 
7.76491 
7.90471 
7.78158 
7.48233 
7.586 
7.5223 
7.71631 
7.70153 
7.76211 
8.13012 
8.31986 
8.47357 
8.19332 
8.14626 
8.02104 
7.94209 
7.74806 
7.6887 
4.98762 
4.1066 
4.49709 
7.53748 
7.58037 
7.66752 
7.05044 
3.85743 
2.68242 
2.51228 
2.78588 
2.96098 
3.15141 
5.52578 
6.55532 
7.66477 
7.83295 
7.79153 
3.93566 
3.27829 
3.04233 
3.0398 
3.12603 
3.77386 
4.44883 
8.41002 
8.43468 
8.05377 
7.63532 
4.21994 
3.24573 
3.02061 
2.93082 
2.76599 
2.76255 
3.15095 
3.2625 
3.92158 
4.28609 
7.64814 
7.90923 
7.62281 
7.30393 
7.69232 
7.93383 
7.1767 
7.17502 
4.52636 
7.24371 
7.43417 
7.4493 
7.54482 
8.25749 
8.31132 
8.2404 
8.27749 
8.35026 
8.37264 
8.19843 
8.08592 
8.21118 
7.85198 
7.92589 
7.94476 
8.10165 
7.87467 
7.61689 
4.53716 
3.03597 
2.21367 
2.36419 
2.48706 
2.96576 
4.83047 
7.47093 
8.03509 
7.90464 
7.73383 
4.80181 
3.46562 
2.77046 
2.61291 
3.19813 
3.13678 
3.47699 
8.39622 
8.45032 
8.38464 
8.2138 
7.89605 
4.08747 
3.87353 
3.47804 
3.66211 
3.00558 
3.13301 
3.83182 
4.04304 
4.47568 
7.35123 
7.47615 
7.62341 
7.51306 
7.61835 
7.36758 
7.67358 
6.80606 
4.02387 
5.43258 
4.83177 
4.65943 
6.94111 
7.44533 
7.86848 
8.02193 
7.91169 
8.33673 
8.29693 
8.47114 
8.35402 
8.21585 
8.2089 
8.35216 
8.49178 
8.34516 
8.35401 
7.93116 
7.59535 
3.82957 
2.7863 
2.19868 
2.04781 
2.17734 
3.00956 
7.11505 
8.23375 
8.17301 
8.21817 
7.32523 
4.09451 
2.87214 
2.78241 
2.64954 
3.0966 
3.06977 
7.79116 
8.10622 
8.32525 
8.19037 
8.21561 
8.02697 
6.49777 
4.08195 
3.94758 
3.82135 
2.84611 
3.45074 
4.28406 
4.45595 
7.58175 
7.99407 
7.97511 
7.83081 
7.67665 
7.57776 
7.43167 
4.03591 
4.62657 
3.54033 
3.92295 
3.60249 
3.39492 
5.15009 
7.50828 
7.47558 
7.66746 
8.09314 
8.24815 
8.16837 
8.30983 
8.41671 
8.35521 
8.53758 
8.62572 
8.68693 
8.31978 
8.2366 
7.85809 
7.41999 
3.25365 
2.2537 
2.18292 
2.05758 
2.56256 
4.10771 
8.05418 
8.17469 
8.13942 
7.95452 
4.33799 
3.30833 
2.73703 
2.76751 
2.86191 
3.12629 
7.41587 
7.72698 
8.05871 
7.89438 
8.1109 
8.07376 
7.83697 
7.76647 
7.16897 
4.3152 
3.70206 
3.47463 
3.87423 
6.52957 
7.62304 
7.8821 
7.99113 
8.27991 
7.98374 
8.0133 
7.71508 
4.48743 
3.60729 
2.96506 
3.18701 
3.31546 
3.26672 
3.04258 
4.39905 
3.94034 
4.86459 
7.08037 
7.96529 
8.03002 
8.46909 
8.54317 
8.52897 
8.42939 
8.80573 
8.65439 
8.8784 
8.50717 
8.37166 
8.15701 
4.09405 
3.01208 
2.61727 
2.36634 
2.48462 
3.52458 
7.18178 
8.39486 
8.67078 
8.23698 
7.52148 
3.3451 
2.96737 
2.56 
2.86285 
2.80677 
2.97755 
6.70045 
7.50875 
7.76968 
7.87051 
7.88384 
7.63481 
7.86465 
7.79336 
7.60506 
7.17151 
4.62763 
7.43029 
7.4182 
7.56367 
7.77101 
7.98102 
8.32937 
8.10796 
8.24204 
8.05603 
7.54274 
4.26915 
3.29601 
2.98557 
2.9527 
2.87585 
2.69638 
3.26154 
3.29787 
3.83657 
4.14133 
3.88062 
6.94088 
7.09819 
8.18307 
8.31069 
8.46386 
8.41065 
8.7078 
8.97115 
8.9446 
8.59498 
8.40847 
7.98314 
4.43373 
2.72507 
2.5117 
2.46637 
3.27223 
7.03646 
8.27818 
8.29492 
8.1856 
7.92333 
7.05426 
3.34326 
2.78835 
2.4831 
2.9371 
2.49831 
2.65204 
3.74579 
4.11534 
3.95052 
7.69373 
7.79941 
7.43294 
7.97107 
7.97478 
7.87134 
7.76714 
7.75696 
7.91665 
7.90653 
7.92781 
7.99751 
8.18917 
8.35529 
8.39487 
8.17452 
8.01087 
7.20866 
3.68714 
3.34116 
3.06209 
2.93966 
2.6297 
2.8677 
3.21658 
3.77433 
3.91531 
4.30998 
4.77925 
5.07291 
6.87402 
7.6974 
8.0325 
8.0033 
8.19045 
8.55988 
8.91551 
8.8478 
8.68192 
8.55908 
7.90611 
3.36376 
2.68124 
2.54285 
2.75397 
5.01403 
7.94881 
8.63823 
8.35755 
7.97104 
7.75136 
4.46485 
3.08876 
2.58163 
2.60772 
1.91474 
2.01973 
2.5221 
3.17508 
3.32828 
3.5042 
7.26908 
7.82196 
7.94663 
7.89071 
8.31367 
8.05881 
8.1678 
8.15237 
8.06416 
7.95654 
8.43197 
8.49036 
8.45746 
8.17557 
8.27735 
8.32865 
8.131 
7.31021 
3.87411 
3.42249 
3.10515 
2.75146 
2.63349 
2.84385 
3.06816 
3.4744 
3.9932 
4.16001 
4.65861 
6.5372 
7.15118 
6.99153 
7.03054 
7.80737 
8.1391 
8.62329 
8.69972 
8.71458 
8.55321 
8.41917 
5.12958 
3.70013 
3.06451 
3.08346 
3.68062 
7.31399 
8.3068 
8.70405 
8.25495 
7.7954 
8.01479 
4.69477 
3.17603 
3.12224 
1.76443 
1.5947 
1.67695 
2.41573 
2.89491 
2.91355 
3.4964 
4.30681 
7.70564 
7.65353 
8.10123 
8.19949 
8.25591 
8.14763 
7.96788 
7.96641 
8.31654 
8.59657 
9.05733 
8.93874 
9.00637 
8.66244 
8.40868 
7.95117 
7.47698 
3.83208 
3.4272 
3.1157 
2.86314 
2.80333 
2.80533 
2.94154 
3.67432 
4.2588 
5.2307 
4.05003 
4.11823 
4.82789 
4.25022 
4.68796 
7.25132 
7.92095 
8.50207 
8.52764 
8.46674 
8.34219 
7.80682 
4.69903 
3.6753 
3.11925 
4.3074 
4.85733 
7.81303 
8.4424 
8.25944 
8.04506 
7.79645 
7.35712 
4.0588 
3.32877 
1.76863 
1.73508 
1.83827 
2.07785 
2.24188 
2.52818 
2.91558 
3.44082 
4.77286 
5.34322 
7.44092 
8.10401 
8.1959 
8.29864 
7.89928 
7.88061 
7.94518 
8.61974 
8.94612 
9.37767 
9.17572 
9.11194 
8.72788 
8.43744 
8.07574 
7.29525 
3.87712 
3.34146 
3.1954 
2.89912 
3.1433 
3.14323 
3.34901 
3.81993 
3.6852 
4.0814 
4.63532 
3.8483 
3.26196 
3.27625 
4.00375 
6.98659 
7.54279 
7.97844 
8.18353 
8.1233 
7.92097 
4.85415 
6.76343 
4.5391 
5.17982 
7.43365 
7.65657 
8.18377 
8.38081 
8.10445 
7.82995 
7.19476 
7.31143 
3.19945 
2.14839 
2.08842 
1.99619 
2.0745 
1.9749 
2.3017 
2.70278 
2.86682 
3.15807 
3.37058 
3.54954 
7.25676 
8.291 
8.16543 
7.97466 
7.80978 
7.82984 
8.10158 
8.44411 
8.8655 
9.07513 
9.24691 
9.06367 
8.91495 
8.35509 
8.05512 
7.38005 
4.05103 
3.20914 
3.15346 
3.09343 
3.24343 
3.44516 
4.1179 
4.08144 
4.4605 
4.54552 
4.00629 
3.32781 
3.04724 
2.84301 
3.65886 
7.04602 
6.9606 
7.84077 
7.94262 
7.8899 
7.68751 
3.88639 
5.69776 
7.61376 
7.66706 
8.09632 
8.0487 
8.22883 
8.2349 
7.98493 
7.66911 
7.1461 
4.00931 
2.30089 
1.88057 
1.75228 
1.93383 
2.02862 
2.19897 
2.43267 
2.53976 
2.77399 
2.69837 
2.81772 
3.45365 
4.11399 
3.75097 
4.48247 
4.9491 
7.73026 
7.48839 
7.95426 
8.34508 
8.66264 
9.29627 
9.26952 
9.22975 
8.89722 
8.3552 
8.09332 
7.85581 
4.08574 
3.58751 
3.53711 
3.32742 
3.38272 
4.10508 
4.02883 
4.67156 
4.37165 
4.14251 
3.80179 
3.00382 
2.7263 
2.74271 
3.30305 
3.71882 
3.95314 
7.09421 
7.41782 
7.46343 
6.6616 
6.71601 
7.55963 
8.03585 
8.3454 
8.18719 
8.18006 
8.17161 
8.04106 
7.67837 
7.34017 
4.35259 
2.61244 
2.29723 
2.23232 
2.11941 
2.09386 
2.16941 
2.36583 
2.36248 
2.45188 
2.46169 
2.74165 
3.27062 
3.95369 
3.55219 
4.14218 
3.52995 
4.06436 
3.994 
3.86393 
7.43004 
8.10345 
8.80896 
9.14336 
9.32276 
9.16743 
8.7066 
8.44696 
8.24354 
7.67279 
3.87091 
4.0463 
3.65719 
3.81565 
4.79201 
7.20687 
6.90368 
4.73083 
4.377 
3.56166 
3.03852 
2.67812 
2.44339 
2.44571 
2.82101 
3.22602 
3.21727 
3.98182 
3.74497 
5.10086 
4.5475 
7.2617 
8.11714 
8.45437 
8.42278 
8.58006 
8.15375 
8.06593 
7.79251 
7.48247 
7.09403 
3.16151 
2.72893 
2.29372 
2.21084 
2.17763 
2.02427 
2.17641 
2.45772 
2.55325 
2.49976 
2.39712 
2.92204 
3.30764 
3.3577 
3.4345 
3.01033 
2.94075 
2.86567 
3.27216 
3.48223 
7.01307 
7.8912 
8.54782 
8.99697 
9.31136 
8.95842 
8.568 
8.36365 
8.26805 
7.46038 
4.64184 
4.71444 
4.80742 
7.02787 
7.65363 
7.68593 
6.84801 
5.03599 
4.04717 
3.16112 
2.94833 
2.61459 
2.3398 
2.37732 
2.54239 
2.72499 
3.00145 
2.9601 
3.20952 
4.6568 
4.76851 
7.96611 
8.42643 
8.52109 
8.37556 
8.54587 
8.42558 
8.25711 
7.91995 
7.32182 
3.80169 
3.02395 
2.75709 
2.40499 
2.54572 
2.27494 
2.22228 
2.53227 
2.31344 
2.27095 
2.31071 
2.34261 
3.30581 
3.25296 
3.70495 
3.42469 
2.907 
2.6106 
2.76004 
2.64797 
3.42362 
4.20205 
7.47154 
8.19685 
8.62996 
9.16279 
8.81932 
8.47346 
8.43451 
8.13134 
7.97327 
7.25183 
7.62779 
7.17885 
7.67645 
7.91265 
8.12709 
7.67931 
7.17374 
5.39013 
3.8291 
2.74017 
2.52372 
2.48814 
2.61547 
2.67356 
2.82692 
2.43151 
2.48863 
2.96596 
4.36738 
7.80014 
8.21786 
8.48964 
8.39646 
8.1291 
8.45712 
8.35686 
8.2715 
7.5834 
7.23963 
3.84944 
3.24334 
2.83169 
2.52411 
2.82786 
2.37164 
2.20387 
2.53749 
2.11592 
2.08477 
2.25931 
2.73414 
3.28258 
3.47145 
3.57352 
2.97604 
2.83023 
2.69778 
2.51975 
2.40853 
2.8186 
3.13487 
7.15255 
8.17214 
8.51964 
8.69657 
8.47359 
8.55593 
8.39624 
8.28665 
7.95048 
7.59003 
7.79102 
7.73112 
7.8851 
8.32354 
8.32696 
7.91258 
7.5482 
4.28392 
3.44862 
2.79738 
2.48611 
2.5076 
2.69836 
2.62742 
2.51283 
2.18292 
2.69539 
2.6337 
7.11272 
8.29496 
8.37239 
8.5094 
8.29032 
8.32957 
8.31804 
8.41766 
8.35678 
7.62054 
7.4554 
5.96398 
3.87766 
2.99402 
3.01027 
3.0609 
2.60477 
2.46498 
2.15639 
2.42468 
2.32487 
2.80313 
3.02296 
4.31216 
3.26093 
3.04303 
2.83228 
2.91032 
2.57984 
2.59029 
2.5863 
2.92117 
3.05081 
7.1199 
8.02883 
8.41758 
8.32272 
8.4812 
8.27436 
8.54733 
8.11855 
8.12588 
7.58003 
8.0645 
7.91264 
8.36718 
8.33145 
8.51754 
8.10466 
7.67806 
4.20285 
3.88747 
2.93742 
2.77692 
2.71211 
2.54811 
2.46526 
2.02246 
2.24758 
2.38924 
2.9456 
8.2334 
8.21888 
8.42118 
8.34359 
8.12549 
8.0526 
8.18936 
8.44272 
7.08572 
7.63073 
7.66572 
7.09514 
4.62218 
3.25176 
3.15797 
3.19835 
2.52625 
2.64937 
2.38007 
2.53517 
2.83501 
2.80365 
3.75827 
3.75763 
3.09812 
2.89922 
2.69088 
2.42288 
2.33614 
2.48585 
2.60742 
2.93533 
3.39757 
6.78169 
8.24014 
8.12639 
8.31562 
7.97452 
8.10738 
8.23114 
8.01404 
7.82653 
8.01665 
8.01894 
8.17104 
8.49598 
8.62106 
8.8029 
8.2835 
7.65441 
7.23896 
3.81682 
3.15889 
3.19203 
2.91646 
2.85311 
2.602 
1.9601 
1.873 
2.34812 
2.83051 
7.4555 
8.05342 
8.26562 
7.99083 
8.08994 
8.24052 
8.12239 
7.25443 
7.59914 
7.58728 
7.54146 
7.56086 
7.16142 
4.37426 
3.43658 
3.39914 
3.0084 
2.80153 
2.7589 
2.8784 
2.77049 
3.28067 
3.1501 
3.50827 
3.40265 
3.00997 
2.70222 
2.42262 
2.49427 
2.66431 
2.69598 
2.75315 
3.69558 
7.02474 
8.1132 
8.05119 
8.30104 
8.2366 
8.05705 
7.86476 
7.52681 
7.66219 
7.81017 
8.12331 
8.5686 
8.54586 
8.66534 
8.81997 
8.24215 
7.99619 
7.41405 
7.28187 
3.5149 
3.29443 
3.36956 
3.13226 
2.65376 
2.52675 
2.53959 
2.90255 
3.5535 
7.4801 
7.63679 
7.78796 
7.52515 
7.80988 
7.71239 
5.07084 
6.9882 
7.69773 
7.54647 
7.4492 
7.91122 
7.68277 
7.58502 
4.63601 
4.27319 
3.47353 
3.01501 
2.72953 
2.95572 
2.98279 
3.18825 
3.22364 
2.98376 
3.07366 
2.7875 
2.43292 
2.63694 
2.71472 
2.5959 
2.76139 
2.80236 
3.64699 
7.6278 
8.19987 
8.22317 
8.14114 
8.12345 
8.27646 
7.78501 
7.62021 
7.40668 
7.77142 
8.29667 
8.62367 
8.63829 
8.97851 
8.64401 
8.16381 
8.01904 
7.68526 
7.19922 
3.81891 
3.76127 
3.67235 
3.2259 
2.99065 
2.84796 
3.52555 
3.81811 
4.46601 
4.99099 
6.83488 
7.64052 
7.55805 
7.63515 
4.31208 
4.27776 
7.04805 
7.53473 
7.57671 
7.92699 
7.99173 
8.0428 
7.62484 
7.65884 
4.87955 
3.77681 
3.51042 
2.83856 
2.90089 
2.91984 
2.80984 
2.94262 
3.12322 
3.05856 
2.61574 
2.4405 
2.53315 
2.56621 
3.04746 
3.04013 
3.12776 
3.6363 
7.76184 
8.0787 
8.1902 
8.31699 
8.20571 
8.2624 
7.47836 
7.28836 
7.42194 
7.98892 
8.41022 
8.56221 
8.51208 
8.76404 
8.51224 
8.18268 
7.99148 
7.61703 
7.19791 
5.32163 
7.11424 
3.97564 
3.42795 
3.37296 
3.56895 
4.47722 
4.21882 
4.68097 
4.06948 
4.91886 
6.92251 
7.04284 
2.76502 
3.41103 
3.623 
5.05951 
7.58846 
7.93231 
8.12289 
8.3651 
8.3683 
8.15153 
7.81157 
7.21277 
6.96733 
3.94917 
3.06167 
2.8854 
3.1834 
2.66428 
3.05403 
2.9664 
2.72665 
2.61255 
2.51462 
2.55035 
2.41093 
2.73097 
2.87762 
3.53586 
4.48677 
8.11232 
8.19852 
8.31439 
8.26339 
8.40697 
7.94328 
7.26135 
7.31834 
7.83449 
7.76137 
8.49526 
8.18053 
8.48646 
8.43029 
8.23286 
7.96121 
7.90294 
7.79866 
7.45248 
7.50673 
7.35441 
4.45774 
5.74686 
4.05866 
3.99253 
4.39012 
7.07961 
4.00348 
4.90339 
4.3959 
5.00809 
2.85843 
2.71012 
3.23414 
3.52695 
4.96487 
7.64762 
8.16144 
8.45934 
8.62903 
8.57194 
8.38872 
8.32053 
8.35669 
7.54643 
3.70586 
3.16283 
3.27872 
2.54166 
2.75622 
2.87563 
2.87715 
2.67959 
2.59224 
2.67656 
2.66008 
2.65614 
2.63579 
2.81883 
3.75514 
7.64797 
8.13926 
8.20555 
8.33863 
8.45321 
8.45414 
8.22263 
7.42762 
7.57926 
7.74096 
7.70276 
8.09168 
7.89602 
8.32715 
8.31056 
8.09129 
7.88431 
7.70368 
7.58573 
7.73225 
7.73693 
7.61898 
6.83837 
6.82015 
7.0707 
7.50176 
6.92525 
6.94991 
4.6698 
5.16224 
4.76079 
2.8348 
2.82711 
2.93256 
2.94874 
3.23996 
4.27965 
7.66123 
8.10619 
8.44332 
8.64261 
8.65817 
8.58796 
8.53663 
8.29767 
7.30929 
3.71599 
3.13933 
2.84946 
2.4921 
2.6398 
2.61994 
2.72422 
2.71444 
2.57616 
2.40432 
2.35685 
2.33939 
2.39228 
2.77525 
3.49804 
7.68879 
7.97736 
8.28063 
8.23931 
8.39524 
8.4769 
8.23691 
7.87706 
7.6079 
7.82177 
7.69409 
7.93169 
7.84651 
7.92426 
7.86335 
7.68983 
7.505 
7.45414 
7.26751 
7.44577 
7.36579 
7.60744 
7.31253 
7.24803 
7.47204 
7.30577 
7.47795 
7.34966 
6.56544 
4.25357 
2.69125 
2.76796 
2.78812 
2.72746 
2.81573 
3.19559 
3.90511 
7.62215 
8.13958 
8.28934 
8.77723 
8.58139 
8.59003 
8.5569 
7.96955 
7.21899 
4.16804 
3.08394 
2.70695 
2.5704 
2.43952 
2.44712 
2.65278 
2.68953 
2.47339 
2.36364 
2.22031 
2.39943 
2.38894 
2.86988 
4.18852 
7.57399 
7.97432 
8.33009 
8.51919 
8.48049 
8.39143 
8.45863 
8.30404 
7.8519 
7.85182 
7.57939 
7.55891 
7.60101 
7.56717 
7.01296 
6.82797 
6.30054 
7.02659 
7.40319 
7.31693 
7.7001 
7.82833 
7.71264 
7.68147 
7.47278 
7.77496 
7.72979 
7.43922 
6.97425 
2.50798 
2.70492 
2.56007 
2.54691 
2.56177 
2.68211 
2.96951 
3.46524 
6.12419 
8.00235 
8.48645 
8.67438 
8.59446 
8.59983 
8.31727 
7.886 
6.96695 
3.91392 
3.19659 
2.84554 
2.34645 
2.42133 
2.75895 
2.71024 
2.69248 
2.37764 
2.26841 
2.19223 
2.43877 
2.51006 
2.94588 
7.13687 
7.55158 
8.16387 
8.34301 
8.65959 
8.57813 
8.38683 
8.49426 
8.44551 
8.53259 
7.83735 
7.267 
7.71728 
7.65169 
7.48709 
3.64175 
3.62554 
6.98164 
7.39651 
7.11041 
7.26142 
7.59214 
7.68677 
7.76349 
7.86288 
7.63905 
7.76458 
7.51943 
5.88499 
2.87398 
2.77265 
2.50752 
2.35959 
2.33829 
2.52577 
2.50146 
2.86763 
3.13963 
7.11142 
8.3622 
8.60576 
8.55437 
8.74535 
8.32131 
8.40605 
7.38016 
6.75104 
3.59055 
3.0701 
2.66765 
2.23852 
2.27644 
2.51078 
2.54218 
2.62536 
2.27911 
2.14153 
2.20774 
2.31669 
2.47199 
3.07624 
5.30542 
7.41674 
8.00671 
8.34589 
8.41602 
8.55408 
8.60199 
8.78225 
8.47528 
8.18682 
7.70791 
7.53838 
7.73691 
7.61473 
4.82794 
3.31002 
3.41888 
5.13517 
4.49452 
5.38583 
7.20824 
7.43499 
7.77033 
7.89075 
7.79432 
7.84624 
7.75354 
7.39547 
2.56636 
2.72345 
2.40403 
2.14487 
2.19989 
2.23375 
2.39836 
2.56725 
3.0661 
3.34355 
7.83225 
8.30966 
8.42723 
8.74761 
8.4281 
8.6791 
8.04585 
7.04106 
3.80857 
2.80886 
2.90057 
2.39703 
2.23158 
2.43482 
2.44195 
2.41169 
2.15903 
2.2136 
2.16773 
1.95505 
1.90041 
2.43246 
2.99809 
4.28875 
7.22732 
8.28625 
8.50049 
8.55539 
8.77917 
8.82923 
8.75711 
8.70763 
8.04262 
7.61536 
7.58991 
7.20804 
7.49183 
3.87149 
3.00877 
3.099 
3.81255 
4.42847 
4.71379 
6.39695 
7.39448 
7.62492 
7.71867 
7.6525 
7.60334 
7.63518 
2.80523 
2.41709 
2.40362 
2.11658 
1.87374 
2.24446 
2.04011 
2.33333 
2.72951 
3.21798 
4.9554 
7.98644 
8.37335 
8.53397 
8.4747 
8.6129 
8.6931 
7.62166 
4.66941 
2.89837 
2.72545 
2.45469 
2.36221 
2.30717 
2.47341 
2.59792 
2.30892 
2.10307 
1.9694 
1.82435 
1.68189 
1.9088 
2.49891 
3.13891 
3.98497 
7.0261 
8.16859 
8.39606 
8.49448 
8.77741 
8.70992 
8.73784 
8.36097 
8.00728 
7.92772 
7.67424 
7.44321 
6.38837 
3.4661 
3.06855 
2.86352 
3.91129 
4.07346 
4.43819 
6.93695 
5.31471 
7.48036 
7.62831 
7.59537 
7.74771 
2.79369 
2.4672 
2.67131 
2.49672 
1.81639 
1.70152 
2.02824 
2.21684 
2.474 
3.21293 
3.71665 
4.46843 
8.13037 
8.32663 
8.57437 
8.52403 
8.6784 
8.32021 
4.95416 
3.41987 
2.97192 
2.52379 
1.98618 
2.25641 
2.55757 
2.65932 
2.43219 
2.13367 
1.80118 
1.7717 
1.56439 
1.57106 
2.16025 
2.75881 
3.17171 
3.98848 
7.27809 
7.90491 
8.36275 
8.60582 
9.11786 
8.94596 
8.73325 
8.32374 
8.14162 
7.89936 
7.39945 
7.26552 
3.92508 
3.16893 
2.82031 
3.25747 
3.4566 
3.84455 
4.00629 
4.32654 
5.38995 
7.55643 
7.63902 
7.1584 
3.04545 
2.68787 
2.31557 
2.23419 
2.26534 
1.92102 
2.01451 
2.09337 
2.2699 
3.07934 
3.43881 
4.92668 
6.63324 
8.25506 
8.41324 
8.54354 
8.55179 
8.21961 
7.93344 
3.52626 
2.96841 
2.79472 
2.15684 
2.15487 
2.2519 
2.51588 
2.43028 
2.30904 
2.00205 
1.77073 
1.72097 
1.34071 
1.8336 
2.18544 
2.70379 
3.24369 
3.96584 
6.80024 
7.96134 
8.28226 
8.44989 
8.96478 
8.79048 
8.94438 
8.61007 
8.18937 
7.79471 
6.9936 
7.24223 
3.75514 
3.15713 
2.95744 
3.06529 
3.08784 
3.66143 
3.63449 
3.90949 
4.18781 
4.64253 
7.46049 
3.26458 
2.92984 
2.80259 
2.42008 
2.0685 
2.21256 
1.94693 
1.90012 
2.20186 
2.70303 
3.11787 
3.41125 
3.96718 
7.76574 
8.20353 
8.36502 
8.47295 
8.32368 
8.33673 
4.89007 
3.16918 
2.67899 
2.3499 
2.02275 
2.0721 
2.02094 
2.30955 
2.23506 
2.24071 
1.93117 
1.88212 
1.85935 
1.75441 
2.24831 
2.3609 
2.61769 
3.02447 
4.02994 
6.93131 
7.89379 
8.23732 
8.44498 
8.88979 
8.61931 
8.77994 
8.57365 
8.2911 
7.63087 
7.12658 
7.25995 
4.31669 
3.36896 
2.87319 
3.07278 
3.05783 
3.15073 
3.20007 
3.97899 
3.86348 
6.96778 
3.79028 
3.16196 
3.14572 
2.64718 
2.50885 
2.19871 
2.05134 
1.8614 
1.92946 
2.20124 
2.7413 
2.96674 
3.2171 
7.3526 
8.10073 
8.30626 
8.38519 
8.32364 
8.34446 
7.38057 
3.07918 
2.51123 
2.20969 
2.07387 
1.74152 
1.83803 
2.08618 
2.16305 
2.01635 
1.83419 
1.83578 
1.77965 
1.76035 
1.91573 
2.21985 
2.14456 
2.54218 
3.08027 
4.12622 
7.18197 
7.97649 
8.11364 
8.59394 
8.81924 
8.80984 
8.8188 
8.52571 
8.2611 
8.10755 
7.94297 
7.83937 
4.7341 
3.7762 
3.31565 
3.39258 
3.35959 
3.01865 
3.11988 
3.68445 
3.84178 
3.99124 
4.12346 
3.23506 
2.79186 
2.75266 
2.52977 
2.5717 
2.06612 
1.59398 
2.14348 
2.30365 
2.81119 
3.15806 
3.69928 
7.64866 
8.03894 
8.33465 
8.17889 
8.27158 
7.99348 
3.62704 
2.18949 
2.01793 
1.82814 
1.93329 
1.7406 
1.98448 
2.12116 
2.0092 
2.0802 
2.04071 
1.85868 
1.72658 
1.86524 
2.15418 
2.28391 
2.2444 
2.53194 
2.90619 
4.13953 
7.28689 
7.89152 
8.26702 
8.73368 
8.66487 
8.75963 
8.70307 
8.476 
8.40166 
8.36379 
8.11116 
8.14406 
6.83726 
6.76039 
4.17208 
6.51077 
4.4083 
4.04958 
3.31914 
3.76806 
7.38166 
7.42038 
7.42181 
3.70207 
3.18626 
3.0186 
2.77091 
2.48902 
2.17636 
1.85881 
2.06883 
2.55841 
2.75808 
3.15958 
6.12685 
7.7437 
8.05798 
8.26355 
8.23483 
7.99767 
4.92809 
2.7079 
2.14249 
1.58846 
1.6877 
1.51712 
1.86737 
2.12835 
2.06533 
1.92894 
1.79261 
2.20732 
1.96892 
1.96069 
1.92798 
2.14863 
2.33398 
2.3216 
2.64916 
3.25884 
5.68937 
7.5663 
8.21016 
8.30737 
8.56006 
8.45779 
8.66865 
8.64872 
8.5765 
8.36153 
8.2798 
8.29288 
8.35212 
7.82481 
7.3323 
7.80507 
7.83194 
7.6893 
7.43661 
5.40542 
7.60433 
7.75214 
8.01565 
7.68569 
4.24976 
3.94307 
3.09378 
2.71789 
2.52222 
2.27589 
1.99908 
2.24931 
2.67553 
2.89074 
3.86943 
6.69967 
8.08414 
8.01956 
8.06479 
8.20501 
7.74112 
3.5252 
2.55248 
1.58364 
1.5673 
1.41077 
1.7419 
2.04695 
1.99916 
2.08982 
2.0909 
1.99546 
2.31626 
2.34666 
2.26538 
2.13273 
2.23477 
2.34192 
2.34958 
2.8749 
3.37211 
6.2764 
7.70987 
8.15357 
8.42381 
8.42978 
8.30052 
8.41147 
8.36324 
8.30354 
8.1899 
8.16162 
8.31379 
8.08038 
7.6706 
7.59245 
7.72248 
7.89922 
7.3745 
7.54628 
7.5811 
7.87731 
8.01936 
8.10089 
7.86945 
7.22004 
4.85389 
4.03015 
3.05213 
2.59355 
2.41714 
2.43568 
2.4453 
2.60993 
3.17795 
4.22645 
7.66714 
7.99016 
8.32733 
8.24442 
8.35389 
7.24622 
2.93028 
2.34328 
1.48778 
1.6554 
2.0309 
2.06755 
2.29414 
2.17043 
2.31326 
2.26671 
2.11836 
2.45901 
2.56356 
2.42558 
2.26275 
2.2228 
2.19978 
2.43023 
2.7883 
3.84986 
6.55901 
8.09168 
8.42735 
8.41189 
8.254 
8.34937 
8.43626 
8.41336 
8.16487 
7.93627 
8.28937 
8.15515 
7.94079 
7.97095 
7.91319 
7.72269 
8.0457 
8.01417 
4.23056 
7.41833 
7.71554 
8.1299 
8.38392 
8.19347 
7.76072 
6.95677 
4.11369 
3.44142 
2.53208 
2.74735 
2.61809 
2.63648 
2.95096 
3.59782 
7.52981 
7.86396 
8.13009 
8.32697 
8.25473 
8.30405 
3.7681 
2.37643 
1.9296 
1.74011 
1.5658 
2.10233 
2.30156 
2.25148 
2.25166 
2.2087 
2.23341 
2.54768 
2.56199 
2.53985 
2.5456 
2.52648 
2.58348 
2.38138 
2.63078 
3.43719 
6.53351 
7.45482 
8.21104 
8.48216 
8.24226 
8.32998 
7.96291 
7.91457 
7.97739 
7.36895 
7.00098 
7.76568 
7.81569 
7.96734 
7.74991 
7.63706 
7.91458 
8.19862 
3.35048 
3.62608 
7.26191 
7.75539 
8.31279 
8.4926 
8.44491 
8.33711 
8.0412 
7.15572 
3.75971 
3.24005 
3.01516 
2.77161 
2.755 
3.18126 
4.4048 
7.84014 
8.13267 
8.39055 
8.29001 
8.51883 
7.88065 
3.23615 
2.39479 
1.41759 
1.65718 
1.74627 
2.24721 
2.29308 
2.41825 
2.43179 
2.34209 
2.55085 
2.6265 
2.64135 
2.60038 
2.73375 
2.7126 
2.6358 
2.92569 
3.1049 
4.00119 
7.5011 
8.01905 
8.34182 
8.53473 
8.52143 
7.84056 
7.81682 
7.61725 
4.44832 
4.40189 
7.17768 
4.81233 
7.0189 
5.66047 
5.04749 
4.65763 
7.24378 
2.72115 
2.95182 
3.48783 
7.20685 
7.84766 
8.15372 
8.33249 
8.67724 
8.57927 
8.33406 
7.54786 
4.92573 
3.89571 
3.3514 
3.03972 
2.87453 
3.0124 
4.37496 
8.07706 
8.14076 
8.19956 
8.21407 
8.11274 
5.4382 
2.90498 
2.45264 
1.81107 
1.53223 
1.83212 
2.21708 
2.35795 
2.33844 
2.50071 
2.55471 
2.98908 
2.94008 
2.86887 
3.01189 
3.16803 
3.0027 
2.90015 
3.09058 
3.36661 
4.1379 
7.6097 
8.16015 
8.54224 
8.48097 
8.20128 
7.76473 
7.70168 
4.0472 
4.39804 
6.89746 
4.60258 
4.03785 
3.97917 
3.82449 
3.94847 
5.15652 
2.35534 
2.64098 
3.06093 
3.34685 
6.11427 
7.64175 
8.06354 
8.3379 
8.696 
8.38348 
8.21899 
8.12722 
8.20971 
3.62667 
3.23139 
2.91593 
2.86742 
3.24957 
7.50816 
8.24249 
8.34952 
8.34998 
8.22242 
7.71378 
4.32975 
3.10302 
2.81319 
2.46611 
1.87331 
1.75057 
1.8443 
2.18605 
2.38603 
2.59579 
2.80345 
2.87449 
2.95363 
2.98809 
3.00907 
3.26951 
3.01908 
3.05627 
3.33969 
3.66154 
7.08155 
7.83736 
8.40994 
8.46857 
8.43979 
8.11302 
8.02676 
7.57299 
5.10964 
7.34396 
6.99882 
5.51694 
4.59371 
4.0698 
3.91117 
3.97845 
2.36437 
2.13799 
2.42151 
2.8075 
3.29058 
3.94166 
7.79415 
8.13073 
8.42689 
8.44526 
8.47531 
8.18985 
8.388 
8.05508 
4.48285 
2.92918 
2.82844 
2.63444 
3.43849 
7.52265 
8.21776 
8.76384 
8.37152 
8.51272 
8.15803 
6.55221 
3.52106 
3.28946 
2.65936 
2.37797 
1.79692 
1.96171 
2.06196 
2.19949 
2.48744 
2.66106 
2.88753 
2.9527 
3.02894 
2.97752 
3.06182 
2.89534 
3.26155 
3.80911 
4.25402 
7.55769 
8.1412 
8.44902 
8.50605 
8.32994 
8.27118 
7.88341 
7.51366 
7.88869 
7.51019 
6.51537 
4.35921 
3.78764 
3.68802 
3.50624 
2.56273 
2.30959 
2.06786 
2.23184 
2.77505 
3.32494 
4.49507 
7.23565 
8.11821 
8.27407 
8.42574 
8.57504 
8.32619 
8.28856 
8.0643 
4.70604 
3.46176 
2.99593 
2.90731 
3.62911 
7.67621 
8.1906 
8.37759 
8.48416 
8.32352 
7.63763 
4.19793 
3.90136 
3.76966 
2.90026 
2.50316 
1.97298 
2.0104 
2.18128 
2.35503 
2.49251 
2.74161 
3.13463 
2.96165 
2.82892 
2.90133 
2.70821 
2.91827 
2.95425 
4.3599 
7.05356 
7.82191 
8.16186 
8.52965 
8.37005 
8.43443 
8.21325 
7.92824 
8.20214 
8.23166 
7.50693 
6.96126 
4.70993 
3.70019 
4.37465 
3.34147 
2.97997 
2.56869 
2.37926 
2.61841 
2.8764 
3.42825 
4.28263 
4.71091 
7.92293 
8.31498 
8.59424 
8.54489 
8.48513 
8.3223 
7.91518 
4.08166 
3.13489 
3.05164 
2.94773 
3.6277 
7.72081 
8.23205 
8.32264 
8.44163 
8.38307 
7.87131 
7.15889 
4.53474 
3.66097 
2.95021 
2.54924 
2.19009 
2.06095 
2.33467 
2.50622 
2.80248 
2.77275 
2.88628 
2.84782 
2.91855 
2.74515 
2.75771 
2.92026 
3.16572 
3.13146 
5.26342 
8.09372 
8.0191 
8.17808 
8.54114 
8.46415 
8.39953 
8.40943 
8.50718 
8.33576 
7.65515 
7.08179 
3.72755 
4.04173 
3.50981 
3.52377 
3.26398 
2.91936 
2.67194 
2.73428 
3.16764 
3.62243 
4.15093 
5.77011 
8.29399 
8.52147 
8.84581 
8.6875 
8.79976 
8.47154 
7.92581 
3.66565 
3.23948 
2.7531 
3.23636 
4.94324 
7.79993 
8.21438 
8.6895 
8.57338 
8.45311 
8.06581 
7.59159 
7.19455 
6.95623 
3.50682 
2.79098 
2.51295 
2.70813 
2.86073 
2.55938 
2.89053 
2.97447 
2.83778 
2.93823 
2.99891 
2.94034 
3.13911 
3.12438 
3.20458 
3.40853 
7.15371 
7.90656 
7.94986 
8.16721 
8.41018 
8.54915 
8.7634 
8.87269 
8.72205 
8.44902 
7.92323 
7.48011 
7.24236 
3.37626 
3.1343 
3.27985 
2.89748 
3.02611 
2.88412 
2.94185 
3.05853 
3.35521 
3.25411 
7.12974 
8.2297 
8.57617 
8.77692 
9.30171 
8.92291 
8.3813 
7.71687 
3.87769 
3.0666 
3.54169 
3.31985 
4.13395 
7.32566 
7.96258 
8.28877 
8.42727 
8.29028 
7.99116 
7.76438 
7.52389 
5.42718 
3.69916 
3.40696 
3.07427 
3.02585 
3.20364 
2.87338 
3.06881 
3.20518 
3.0356 
3.16649 
3.19307 
3.21039 
3.45826 
3.2126 
3.27222 
3.77501 
4.18917 
7.38585 
7.69269 
8.15104 
8.56331 
8.72843 
9.07023 
9.28332 
9.07944 
8.42149 
8.06498 
7.87913 
3.7497 
3.60778 
3.24404 
3.07993 
3.38274 
3.4515 
3.1711 
3.11963 
3.27291 
3.08996 
3.63238 
4.90648 
8.36732 
8.68391 
9.10337 
9.1559 
9.1688 
8.46752 
7.93583 
3.43377 
3.74457 
3.35275 
3.51949 
4.26751 
7.49292 
7.80077 
8.14338 
8.05438 
8.12679 
8.11152 
7.83838 
7.57005 
7.0027 
3.93872 
4.08254 
3.46092 
3.76103 
3.83691 
3.61484 
3.44106 
3.65798 
3.41742 
3.32567 
3.39408 
3.72195 
3.54776 
3.51163 
3.13997 
3.65925 
3.88769 
3.992 
4.50102 
8.37944 
8.5876 
9.02522 
9.22595 
9.14792 
9.09796 
8.41779 
7.86741 
3.86599 
3.75948 
3.78142 
3.34789 
3.56553 
3.2297 
3.55496 
3.19717 
3.1865 
3.2134 
3.30565 
3.66364 
6.9178 
8.25034 
8.75884 
8.87698 
9.11291 
8.91513 
8.4111 
7.90674 
4.43758 
3.99423 
3.56711 
3.62455 
4.08745 
4.69119 
7.60182 
7.77899 
7.86946 
7.84306 
8.05461 
7.96112 
7.48424 
5.25872 
6.65106 
4.40301 
4.07583 
4.41274 
4.19354 
4.23731 
3.82423 
3.5147 
3.34971 
3.3807 
3.5185 
3.51379 
3.5078 
3.49747 
3.13078 
3.29807 
3.19973 
3.62668 
3.69741 
8.12494 
8.67686 
9.29621 
9.35913 
9.34177 
8.77098 
8.32462 
3.824 
4.09274 
3.91715 
3.70282 
3.34528 
3.3453 
3.27179 
3.28708 
3.20878 
3.01566 
3.01453 
3.19146 
3.55638 
7.19207 
8.49825 
8.9143 
8.99437 
9.09022 
8.61368 
8.39134 
7.95676 
7.0761 
5.00649 
3.58594 
3.89642 
4.16206 
4.092 
6.47828 
7.48643 
7.65226 
7.84351 
7.98631 
8.00212 
7.54524 
5.16676 
4.47828 
7.21865 
5.34275 
6.86403 
4.78145 
5.02079 
3.98905 
3.79483 
3.5719 
3.67357 
3.4897 
3.49971 
3.23914 
3.06199 
3.04557 
2.57733 
3.03778 
3.23771 
4.2141 
7.8589 
8.54549 
8.89333 
9.31383 
8.93553 
8.52516 
3.96858 
4.4856 
4.23682 
4.17773 
3.9132 
3.58797 
3.5047 
3.22367 
3.19586 
3.28842 
3.23622 
3.25212 
3.15864 
3.50983 
7.75021 
8.397 
8.75054 
9.03384 
8.67946 
8.28479 
8.43133 
7.68338 
7.1391 
6.58223 
3.84213 
4.36768 
3.73834 
3.83922 
5.3799 
7.19957 
7.31115 
7.23144 
7.47842 
7.67128 
7.57598 
7.26641 
6.8585 
7.22544 
5.16699 
6.60632 
5.02732 
5.16954 
4.72652 
3.99962 
4.46177 
3.74616 
3.8993 
3.21665 
2.89723 
2.93373 
2.65795 
2.86652 
2.85491 
2.98836 
3.7772 
7.50589 
8.34161 
8.80121 
8.76907 
8.432 
