5.95369 
6.74483 
7.64882 
7.26369 
7.81182 
7.5591 
8.09668 
8.16381 
8.15171 
7.44742 
7.70957 
6.78318 
6.6627 
6.66211 
6.24393 
4.47042 
3.83002 
3.42641 
2.60125 
1.69615 
2.46143 
2.03288 
2.1808 
2.97798 
5.08661 
6.26229 
7.09657 
7.51536 
7.93467 
7.78602 
8.82917 
9.25264 
8.73197 
8.34146 
6.80802 
5.37016 
4.81846 
4.66107 
4.57807 
3.94686 
5.2936 
5.90635 
6.47701 
7.3097 
8.05855 
8.3842 
8.46999 
7.65272 
6.99332 
6.71636 
6.64207 
5.40576 
4.76208 
4.13115 
4.18501 
3.86697 
3.73566 
3.41398 
2.86576 
2.84907 
4.84475 
5.1199 
6.83852 
7.78346 
7.51687 
7.4108 
7.33451 
8.39294 
8.14985 
8.07908 
8.18738 
7.1077 
6.83776 
7.46181 
6.84671 
5.78446 
5.01685 
3.60933 
3.25825 
2.54408 
2.16236 
1.97702 
2.07433 
2.34462 
3.65333 
4.69503 
5.33279 
6.36816 
7.29651 
7.85627 
8.49653 
8.94568 
9.15045 
9.23873 
8.43258 
7.0488 
5.77105 
5.18112 
5.37663 
4.26321 
3.42881 
4.73792 
5.61403 
6.5001 
8.1594 
8.85368 
8.39139 
8.12497 
7.71109 
7.65037 
6.81136 
6.58199 
5.22697 
4.86588 
4.74012 
4.88567 
4.19115 
3.23191 
2.99486 
2.63727 
3.03321 
3.61936 
4.49007 
5.5496 
7.27972 
7.92501 
7.58633 
7.4144 
8.22606 
7.90372 
7.9206 
8.14906 
6.54264 
6.75571 
7.13331 
6.58565 
6.15609 
5.05176 
4.42481 
2.67808 
2.5685 
2.54043 
1.93418 
2.22097 
2.96677 
3.67047 
4.46538 
4.00972 
6.04093 
6.88363 
8.09431 
8.64086 
8.86817 
9.21378 
9.33134 
8.3199 
7.83868 
6.29428 
5.98234 
5.09918 
3.84136 
3.51767 
4.28041 
4.62609 
6.93877 
7.69884 
9.17287 
8.59929 
8.65713 
7.73865 
8.32294 
7.05123 
6.46137 
5.42094 
4.72681 
5.1038 
5.23033 
4.31375 
3.47462 
3.09899 
2.56866 
2.02598 
2.77661 
4.32227 
5.344 
6.33971 
6.91541 
7.8348 
8.69768 
7.96159 
8.78417 
8.20278 
7.57232 
7.05854 
7.40155 
7.06103 
6.72298 
6.43458 
5.9607 
4.05293 
3.36437 
2.47351 
2.66795 
2.46401 
2.86167 
3.4226 
3.46838 
2.84664 
3.72927 
5.38915 
7.13911 
7.84685 
8.82354 
8.98563 
9.1247 
8.74812 
8.494 
7.66627 
6.96215 
5.57598 
4.06592 
3.61829 
3.90934 
3.90296 
5.95221 
6.99701 
8.17736 
8.81515 
9.08633 
9.10724 
9.04969 
8.84795 
7.27216 
6.32487 
5.42078 
4.808 
5.3347 
4.96134 
4.46144 
3.83571 
2.29379 
1.65416 
1.95557 
2.42188 
3.3857 
4.87046 
5.83289 
6.34941 
7.88395 
7.54897 
8.34539 
8.31817 
8.19791 
7.08423 
7.41472 
7.71528 
7.00089 
6.81476 
6.55945 
5.72119 
5.22017 
3.74926 
3.42997 
3.56317 
3.90518 
3.52543 
3.20105 
2.63967 
2.95211 
3.80593 
5.03447 
6.00123 
7.57492 
8.40435 
8.72588 
9.40034 
8.98157 
9.10697 
8.04291 
6.10997 
5.39424 
3.47673 
3.43798 
3.24704 
3.98445 
6.15267 
6.82549 
7.79056 
9.18132 
9.2495 
9.51072 
8.9039 
8.58251 
6.68688 
5.49147 
5.61274 
6.46462 
6.4262 
5.63937 
5.48601 
2.09331 
1.99268 
1.63261 
1.56789 
2.38212 
3.36594 
4.96009 
5.67152 
6.67073 
7.01791 
7.60947 
7.76627 
8.28094 
8.23464 
8.11891 
8.28036 
8.00327 
7.39488 
7.43661 
7.26642 
6.54757 
6.04594 
4.60855 
4.50668 
3.71512 
4.08821 
3.24343 
2.5642 
1.89283 
1.94628 
2.76653 
4.23098 
5.1023 
6.45234 
7.62187 
8.12293 
9.19989 
8.97703 
9.17071 
7.92954 
6.44973 
4.45136 
3.82989 
4.06372 
3.60412 
4.22601 
5.0522 
6.12419 
6.72351 
8.37231 
9.19923 
9.80556 
9.01419 
8.11107 
5.99696 
6.5882 
6.60361 
6.83308 
6.75865 
5.73136 
2.3478 
1.18946 
0.564203 
1.10921 
1.78065 
1.95627 
3.25097 
4.456 
5.73508 
5.67734 
6.54176 
7.65684 
7.89493 
7.91267 
7.82824 
8.09795 
8.35035 
8.81614 
8.39726 
8.20251 
8.29889 
7.47201 
7.1595 
7.5318 
7.9486 
5.1195 
4.06882 
3.1823 
2.67577 
2.09803 
2.64944 
2.52218 
3.48309 
4.57041 
5.69311 
6.65082 
7.9839 
7.94705 
7.38531 
7.86164 
7.86063 
5.07016 
4.76187 
3.84303 
3.37264 
3.85188 
4.17465 
4.70633 
6.31655 
7.03714 
7.67461 
8.12772 
7.83974 
7.61172 
6.51215 
5.99795 
6.92517 
6.92701 
7.18046 
6.17103 
4.25547 
2.77147 
1.36535 
1.00414 
0.69066 
1.61396 
2.21621 
3.55927 
4.33843 
4.99797 
6.54708 
7.0695 
7.89265 
7.87003 
7.39601 
7.87857 
7.47012 
8.05192 
7.93223 
7.86386 
8.20961 
7.9678 
7.65076 
7.51981 
7.64533 
7.3038 
6.47222 
4.78567 
3.61571 
2.9946 
2.75656 
3.09353 
3.32624 
3.47393 
3.9074 
4.99101 
6.409 
7.5253 
7.71887 
8.08791 
7.68501 
6.32872 
4.77278 
3.79943 
3.43389 
2.46042 
3.78949 
5.2285 
5.1935 
6.93507 
7.86857 
7.85875 
7.72107 
5.95389 
6.62599 
5.80367 
5.15127 
6.72265 
6.73121 
6.69842 
5.70845 
4.34133 
3.23084 
2.37542 
1.61143 
1.12258 
1.51162 
2.33213 
3.45054 
4.13141 
5.081 
6.29177 
8.02525 
7.94946 
7.8417 
6.87621 
8.70196 
7.65114 
7.72643 
7.745 
7.26147 
7.94627 
7.68559 
7.74009 
7.88307 
7.76971 
8.04041 
6.34903 
5.0701 
4.66086 
4.03276 
3.45585 
3.82167 
3.79279 
3.81478 
4.23064 
5.93197 
6.30087 
7.40438 
7.26527 
8.01075 
6.48565 
5.30297 
4.00206 
3.71842 
3.5924 
2.97307 
4.4243 
4.98397 
6.41265 
7.35679 
7.80914 
7.74272 
6.00772 
4.79066 
5.9727 
5.6124 
5.65924 
5.97963 
6.41923 
7.44323 
5.83296 
4.03474 
3.20746 
2.45039 
2.14204 
2.05916 
1.9251 
2.55982 
3.92877 
4.32203 
5.38407 
5.83944 
6.912 
6.93431 
6.86171 
6.55423 
8.17646 
8.21603 
6.97578 
6.91366 
7.37624 
7.35735 
7.24684 
7.81976 
8.12989 
8.25626 
8.53435 
7.56802 
7.03999 
6.50885 
5.35254 
4.61908 
4.72452 
3.81677 
3.94859 
4.48311 
6.23622 
6.78047 
6.38981 
6.74991 
5.45753 
5.04811 
3.59418 
3.14859 
3.46541 
3.87629 
4.74389 
5.16378 
5.63824 
7.3362 
7.18391 
6.40988 
5.48564 
4.42722 
4.47256 
5.185 
4.53207 
5.93403 
6.05288 
8.26304 
7.51338 
6.51363 
4.98848 
3.90285 
3.18262 
3.06054 
2.86474 
2.60832 
3.64422 
4.61396 
4.70516 
4.80078 
6.63765 
6.81979 
7.26119 
6.46472 
6.76297 
7.04368 
6.79474 
6.29954 
6.45277 
6.3563 
6.67307 
6.64656 
6.75766 
7.55699 
8.03183 
8.43192 
7.71175 
7.59613 
7.30022 
7.12399 
6.73133 
6.62384 
5.48321 
5.02926 
5.2892 
6.37861 
6.44395 
6.58701 
5.8635 
4.79518 
2.87791 
2.52543 
3.08878 
3.43433 
3.78708 
5.59097 
5.67271 
6.5823 
6.8956 
6.81393 
4.87513 
4.00528 
3.58838 
3.58367 
3.74171 
4.7029 
5.26308 
8.26563 
8.33007 
7.37576 
6.53256 
5.11696 
3.9507 
3.54772 
3.37606 
3.04852 
3.04156 
3.78627 
3.97893 
4.86119 
5.16322 
6.554 
7.05329 
6.51189 
6.08138 
6.63023 
7.10607 
5.95934 
5.95792 
5.30431 
6.02028 
6.23504 
6.25485 
6.38955 
7.87261 
8.00988 
7.82943 
7.92338 
8.11028 
8.16829 
7.72444 
7.45125 
7.75618 
6.93407 
7.08893 
7.1298 
7.48863 
6.98071 
6.50223 
5.30976 
3.57653 
1.90994 
2.21788 
2.47294 
3.4435 
5.43335 
6.2839 
7.33249 
7.04355 
6.70501 
5.42313 
4.29906 
3.05759 
2.73446 
3.86912 
3.761 
4.31574 
8.22965 
8.37101 
8.1995 
7.76274 
7.02539 
5.01336 
4.81214 
4.31728 
4.56811 
3.51936 
3.75425 
4.76765 
4.97514 
5.27779 
6.13372 
6.29104 
6.51288 
6.34292 
6.5046 
6.15272 
6.59747 
5.73869 
4.95809 
5.57823 
5.43379 
5.3667 
5.79868 
6.24961 
6.9679 
7.30226 
7.0585 
8.07529 
7.973 
8.42553 
8.12001 
7.76786 
7.75051 
8.1152 
8.47966 
8.09707 
8.11999 
7.10028 
6.46755 
4.76521 
3.08962 
1.87973 
1.58197 
1.83689 
3.52691 
5.90958 
7.81275 
7.66162 
7.77365 
6.10447 
5.01924 
3.26109 
3.08176 
2.81019 
3.68844 
3.63928 
6.81322 
7.49954 
8.04573 
7.70446 
7.76727 
7.31382 
5.6637 
5.00871 
4.88678 
4.75621 
3.20947 
4.27702 
5.16185 
5.26702 
6.4461 
7.23905 
7.19664 
6.89131 
6.6028 
6.43987 
6.23181 
4.96883 
5.35222 
4.40618 
4.86256 
4.49081 
4.19236 
5.52509 
6.33605 
6.29024 
6.5869 
7.46836 
7.84899 
7.6502 
8.00607 
8.28307 
8.12309 
8.59976 
8.83003 
8.98836 
8.03164 
7.8199 
6.94655 
6.21684 
3.96406 
1.99108 
1.84807 
1.60085 
2.63001 
5.03018 
7.37672 
7.66576 
7.57952 
7.15117 
5.19714 
4.05475 
2.98967 
3.05162 
3.24085 
3.74218 
6.21163 
6.69247 
7.38728 
7.02188 
7.51075 
7.42256 
6.90368 
6.76593 
5.95279 
5.1825 
4.61781 
4.31229 
4.81286 
5.66845 
6.51228 
6.99615 
7.23244 
7.92957 
7.21588 
7.28258 
6.67085 
5.28408 
4.49717 
3.44216 
3.84978 
4.06636 
3.98601 
3.58887 
5.23452 
4.87972 
5.44502 
5.88408 
7.17487 
7.32081 
8.42018 
8.61441 
8.57719 
8.31622 
9.28913 
8.90439 
9.46728 
8.52005 
8.16576 
7.62236 
5.01886 
3.53166 
2.74349 
2.22232 
2.46787 
4.3841 
5.96372 
8.2261 
8.94678 
7.82085 
6.3551 
4.11409 
3.44658 
2.62468 
3.24271 
3.13082 
3.46608 
5.70475 
6.33674 
6.77201 
6.9721 
6.99979 
6.53172 
6.96001 
6.81747 
6.48307 
5.95493 
5.35269 
6.23003 
6.21457 
6.4181 
6.77454 
7.20981 
8.05633 
7.5037 
7.83359 
7.38102 
6.38644 
5.1517 
4.03457 
3.48139 
3.41839 
3.26842 
2.90657 
3.97733 
4.03763 
4.77281 
5.05729 
4.81951 
5.79856 
5.89695 
7.6864 
8.00828 
8.40647 
8.26727 
9.0419 
9.68632 
9.62467 
8.74994 
8.26156 
7.21453 
5.25459 
2.96528 
2.52423 
2.42991 
3.99521 
5.85433 
7.92517 
7.9679 
7.69265 
7.08342 
5.86606 
4.11115 
3.09374 
2.4647 
3.38822 
2.49634 
2.81536 
4.67028 
5.03641 
4.88964 
6.63274 
6.82926 
6.23346 
7.18766 
7.1959 
6.97381 
6.76718 
6.74798 
7.0691 
7.04755 
7.09307 
7.2468 
7.70149 
8.1233 
8.22611 
7.66532 
7.27704 
5.9875 
4.59945 
4.10781 
3.6251 
3.3932 
2.76922 
3.25231 
3.90099 
4.70343 
4.85492 
5.17909 
5.41484 
5.50633 
5.76633 
6.63921 
7.32652 
7.25988 
7.70464 
8.6582 
9.55612 
9.39289 
8.97546 
8.6561 
7.04666 
4.1437 
2.87548 
2.58902 
3.02416 
5.49065 
7.13867 
8.86254 
8.12917 
7.1876 
6.7375 
5.27191 
3.67413 
2.66959 
2.7237 
1.33132 
1.52804 
2.54586 
3.82889 
4.08712 
4.35512 
6.04528 
6.87367 
7.13389 
7.01417 
8.01593 
7.38751 
7.6488 
7.61104 
7.40001 
7.15558 
8.32298 
8.47594 
8.38971 
7.66791 
7.92304 
8.05446 
7.55912 
6.0881 
4.81274 
4.23458 
3.704 
3.01905 
2.77704 
3.20498 
3.6363 
4.31196 
4.93009 
5.07195 
5.36634 
5.66967 
5.93803 
5.82662 
5.85051 
6.84481 
7.57875 
8.82371 
9.02121 
9.05923 
8.64072 
8.28951 
5.52029 
4.61545 
3.62956 
3.66444 
4.59136 
6.09219 
7.99832 
9.0323 
7.86619 
6.82145 
7.28598 
5.38164 
3.83055 
3.7349 
1.06504 
0.789171 
0.919383 
2.32465 
3.30595 
3.34245 
4.34391 
5.17701 
6.65391 
6.56313 
7.48764 
7.72708 
7.86862 
7.59948 
7.18059 
7.17734 
8.02332 
8.7541 
9.8801 
9.61095 
9.76674 
8.92523 
8.26214 
7.1438 
6.29217 
4.76794 
4.24172 
3.7231 
3.24329 
3.12391 
3.12793 
3.39683 
4.58348 
5.14455 
5.54265 
4.98127 
5.03877 
5.43244 
5.13856 
5.37881 
6.02766 
7.07831 
8.50666 
8.57371 
8.41402 
8.08942 
6.84374 
5.3834 
4.58471 
3.72952 
5.1774 
5.44259 
6.85597 
8.35028 
7.87756 
7.35553 
6.82348 
6.14052 
4.9889 
4.08789 
1.07221 
1.01538 
1.19345 
1.64022 
1.96706 
2.55852 
3.34641 
4.26222 
5.41245 
5.56389 
6.24383 
7.49427 
7.71818 
7.97739 
7.03219 
6.99305 
7.13072 
8.81449 
9.62822 
10.4997 
10.1287 
9.99742 
9.09316 
8.33729 
7.42722 
6.07219 
4.81588 
4.10828 
3.86439 
3.3142 
3.77264 
3.77253 
4.12032 
4.75466 
4.59705 
5.00825 
5.35613 
4.78545 
3.97803 
4.0019 
4.93982 
5.82374 
6.38653 
7.20404 
7.68754 
7.54054 
7.07835 
5.4415 
5.72376 
5.31073 
5.5318 
6.23437 
6.56829 
7.68814 
8.18955 
7.49531 
6.8896 
5.97506 
6.08941 
3.87141 
1.77911 
1.66085 
1.48324 
1.63371 
1.44306 
2.08917 
2.9197 
3.25058 
3.7989 
4.15443 
4.41897 
6.033 
7.95785 
7.64299 
7.19565 
6.84956 
6.88938 
7.48846 
8.35475 
9.43602 
9.91882 
10.2674 
9.89394 
9.5548 
8.12277 
7.37891 
6.16754 
4.98215 
3.88818 
3.79071 
3.68266 
3.9468 
4.26871 
5.0385 
5.00827 
5.26953 
5.31392 
4.94215 
4.08636 
3.59754 
3.20333 
4.564 
5.86057 
5.8091 
6.91133 
7.12514 
7.01245 
6.62175 
4.82549 
5.6091 
6.49713 
6.58623 
7.47594 
7.36398 
7.80038 
7.81562 
7.21855 
6.58975 
5.93391 
4.9449 
2.0875 
1.26911 
1.04438 
1.3665 
1.54506 
1.8803 
2.35984 
2.5826 
3.06474 
2.91066 
3.1528 
4.28136 
5.03532 
4.67636 
5.28144 
5.47189 
6.69846 
6.30796 
7.15059 
8.09687 
8.92574 
10.3586 
10.3097 
10.2347 
9.51252 
8.12306 
7.4688 
6.94188 
5.0119 
4.47078 
4.40168 
4.08571 
4.17341 
5.02801 
4.96254 
5.37191 
5.21808 
5.05824 
4.73454 
3.51606 
2.96781 
3.00125 
4.04612 
4.63815 
4.89216 
5.89405 
6.21409 
6.27372 
5.69468 
5.70912 
6.41194 
7.33424 
8.0977 
7.6966 
7.67897 
7.65817 
7.34627 
6.60579 
6.12114 
5.20633 
2.73349 
2.08001 
1.94767 
1.72172 
1.67149 
1.82102 
2.22127 
2.21435 
2.39976 
2.42016 
2.9991 
3.99252 
4.8927 
4.42265 
5.05798 
4.39164 
4.99371 
4.93084 
4.80206 
6.22971 
7.49292 
9.29715 
10.0629 
10.4058 
10.112 
9.03884 
8.36221 
7.83737 
6.5961 
4.80939 
4.97801 
4.56187 
4.74993 
5.41956 
5.98588 
5.77998 
5.39624 
5.22134 
4.43568 
3.58129 
2.86907 
2.38211 
2.38694 
3.15938 
3.91717 
3.90218 
4.91948 
4.66931 
5.51335 
5.3149 
6.03789 
7.52571 
8.38159 
8.29896 
8.71099 
7.6144 
7.40416 
6.81584 
6.29975 
5.89391 
3.80498 
2.97315 
2.07281 
1.90422 
1.83746 
1.53673 
1.83502 
2.41191 
2.61065 
2.49937 
2.28603 
3.35899 
4.05362 
4.13412 
4.25274 
3.52836 
3.3953 
3.24831 
3.9951 
4.32339 
5.83956 
7.01518 
8.62662 
9.74544 
10.3856 
9.65688 
8.67944 
8.14497 
7.89939 
6.26962 
5.35902 
5.38968 
5.42515 
5.84881 
6.56328 
6.61899 
5.75517 
5.49664 
4.97878 
3.80429 
3.40996 
2.73795 
2.16753 
2.24504 
2.58807 
2.96513 
3.51155 
3.43263 
3.88883 
5.36556 
5.41081 
7.17669 
8.30849 
8.55654 
8.17588 
8.62149 
8.30627 
7.87166 
7.07618 
6.10071 
4.73442 
3.55399 
3.03048 
2.30235 
2.59498 
2.03439 
1.92734 
2.56702 
2.11327 
2.02624 
2.10766 
2.17331 
4.05062 
3.96291 
4.62134 
4.23792 
3.32965 
2.72968 
3.03647 
2.80696 
4.2363 
5.10383 
6.28473 
7.72054 
8.84106 
10.1026 
9.32284 
8.43163 
8.32962 
7.55995 
7.19256 
6.02816 
6.52009 
5.96119 
6.60245 
7.06057 
7.54967 
6.60742 
5.95683 
5.57169 
4.7647 
2.99608 
2.54924 
2.4752 
2.73978 
2.85969 
3.17122 
2.35741 
2.47622 
3.44389 
5.21547 
6.83067 
7.77287 
8.47406 
8.23027 
7.55454 
8.38882 
8.12736 
7.90817 
6.44868 
6.01635 
4.78666 
3.94665 
3.18074 
2.55004 
3.17309 
2.23328 
1.89017 
2.57787 
1.71484 
1.65373 
2.0025 
2.98378 
4.01239 
4.30763 
4.45188 
3.4632 
3.17783 
2.90945 
2.54098 
2.3097 
3.15456 
3.75758 
5.93915 
7.65947 
8.55275 
9.01313 
8.43197 
8.64785 
8.22968 
7.94675 
7.1423 
6.45912 
6.81295 
6.70003 
7.00241 
8.04131 
8.05013 
7.06042 
6.39463 
5.16176 
4.27388 
3.11194 
2.47096 
2.51569 
2.91063 
2.76449 
2.52656 
1.84806 
2.90455 
2.77749 
5.9078 
7.96798 
8.16764 
8.52589 
7.95611 
8.05683 
8.02716 
8.28556 
8.12717 
6.50817 
6.26296 
5.62648 
4.81643 
3.49745 
3.52823 
3.62289 
2.71759 
2.427 
1.79503 
2.34322 
2.13677 
3.1235 
3.55214 
5.18051 
3.97631 
3.5897 
3.18192 
3.33613 
2.66589 
2.68757 
2.67929 
3.35729 
3.60417 
5.91327 
7.31809 
8.28535 
8.03921 
8.45194 
7.91543 
8.62534 
7.5291 
7.54675 
6.44342 
7.40081 
7.06055 
8.15412 
8.06169 
8.54725 
7.49582 
6.60525 
5.10443 
4.8266 
3.38886 
3.07067 
2.93881 
2.59997 
2.4276 
1.53326 
1.97864 
2.26971 
3.40469 
7.81183 
7.77544 
8.29477 
8.09303 
7.54582 
7.37304 
7.70195 
8.35109 
5.8879 
6.52493 
6.58391 
5.89472 
5.35023 
3.96088 
3.79872 
3.8695 
2.55449 
2.80984 
2.25071 
2.57304 
3.18737 
3.12455 
4.68487 
4.68413 
3.69122 
3.31442 
2.89528 
2.33949 
2.15997 
2.47042 
2.72308 
3.38481 
4.19644 
5.72994 
7.8288 
7.54799 
8.02096 
7.19532 
7.5023 
7.80615 
7.28425 
6.88276 
7.29021 
7.29543 
7.65676 
8.49069 
8.81791 
9.28211 
7.93871 
6.56461 
6.01572 
4.75123 
3.80034 
3.85853 
3.34813 
3.2234 
2.71186 
1.41532 
1.25546 
2.18468 
3.17838 
6.2631 
7.37495 
7.89322 
7.23176 
7.46078 
7.82975 
7.53835 
6.0307 
6.47359 
6.45478 
6.38453 
6.41381 
5.94645 
5.21966 
4.25585 
4.19887 
3.52471 
3.12029 
3.03415 
3.27345 
3.05765 
4.00922 
3.78475 
4.36093 
4.20427 
3.52768 
2.91854 
2.33896 
2.48795 
2.84064 
2.90575 
3.02249 
4.60986 
5.84683 
7.51626 
7.36975 
7.98355 
7.81988 
7.38339 
6.96022 
6.36288 
6.57786 
6.85032 
7.54056 
8.68102 
8.62148 
8.93271 
9.32443 
7.83386 
7.24383 
6.20933 
6.05829 
4.37039 
4.03197 
4.15284 
3.7529 
2.81891 
2.55555 
2.58225 
3.32094 
4.42445 
6.29648 
6.53499 
6.80702 
6.36045 
6.84975 
6.66599 
5.5058 
5.82467 
6.6398 
6.39202 
6.25472 
7.05752 
6.61345 
6.45122 
5.35643 
5.15446 
4.31069 
3.53717 
2.97438 
3.42419 
3.47607 
3.85193 
3.9131 
3.47794 
3.64644 
3.09204 
2.36036 
2.78419 
2.94414 
2.69921 
3.03922 
3.12196 
4.54887 
6.5201 
7.72803 
7.78616 
7.5837 
7.54088 
7.92078 
6.80133 
6.50763 
6.20009 
6.77531 
7.97235 
8.82471 
8.86269 
9.70326 
8.87752 
7.639 
7.29566 
6.61781 
5.97901 
4.75353 
4.68837 
4.58102 
3.91697 
3.49105 
3.21318 
4.38546 
4.75266 
5.27255 
5.48417 
5.74982 
6.54121 
6.40952 
6.53226 
5.18046 
5.15758 
5.86191 
6.37454 
6.43823 
7.09129 
7.23378 
7.3503 
6.51523 
6.57215 
5.44999 
4.70627 
4.364 
3.19444 
3.31766 
3.3547 
3.13698 
3.39893 
3.73667 
3.61855 
2.74032 
2.37611 
2.56885 
2.63759 
3.59796 
3.5843 
3.74483 
4.5351 
6.75717 
7.43418 
7.70403 
8.02446 
7.74256 
7.88505 
6.29407 
6.06499 
6.21933 
7.22749 
8.26615 
8.66429 
8.53292 
9.18478 
8.53333 
7.68545 
7.23323 
6.50244 
5.97785 
5.56009 
5.90895 
4.91365 
4.24284 
4.15817 
4.44566 
5.27863 
5.11614 
5.37589 
4.9981 
5.4626 
5.78918 
5.85847 
3.04658 
4.21712 
4.51783 
5.50287 
6.45664 
7.10278 
7.53955 
8.14871 
8.15704 
7.60898 
6.85307 
5.99124 
5.8128 
4.88831 
3.62431 
3.28725 
3.84346 
2.84059 
3.61015 
3.44474 
2.96852 
2.73373 
2.5303 
2.60462 
2.31469 
2.97732 
3.27192 
4.39993 
5.28373 
7.51414 
7.72468 
8.01778 
7.88757 
8.25766 
7.12657 
6.03754 
6.09691 
6.89869 
6.75627 
8.4888 
7.68015 
8.46572 
8.31858 
7.81047 
7.16587 
7.03993 
6.82779 
6.25906 
6.33384 
6.13738 
5.26801 
5.61314 
4.98878 
4.92948 
5.22923 
5.88355 
4.93958 
5.45772 
5.23266 
5.48899 
3.23396 
2.93472 
3.93103 
4.38742 
5.47659 
6.55313 
7.6332 
8.39462 
8.83865 
8.68975 
8.2101 
8.03358 
8.12693 
6.39197 
4.62244 
3.80731 
4.00599 
2.58655 
3.02871 
3.26799 
3.27099 
2.8721 
2.69161 
2.86586 
2.83194 
2.82382 
2.78181 
3.15503 
4.68123 
6.55372 
7.57913 
7.74214 
8.0802 
8.37856 
8.381 
7.78481 
6.22658 
6.4422 
6.71815 
6.64875 
7.46491 
7.02532 
8.05061 
8.00794 
7.46398 
7.00076 
6.65039 
6.45235 
6.7021 
6.71071 
6.50563 
5.75122 
5.74403 
5.8773 
6.32678 
5.79056 
5.80333 
5.37116 
5.52787 
5.40787 
3.18694 
3.17159 
3.37943 
3.41075 
3.94093 
5.15886 
6.57624 
7.49947 
8.35268 
8.87389 
8.9142 
8.73162 
8.59728 
7.9749 
6.08711 
4.63473 
3.76555 
3.21615 
2.48344 
2.79008 
2.74902 
2.96355 
2.94356 
2.65825 
2.30097 
2.2027 
2.16669 
2.27601 
3.06727 
4.34627 
6.62401 
7.20165 
7.93139 
7.82672 
8.22708 
8.44065 
7.82067 
6.98565 
6.48765 
6.87328 
6.63334 
7.10143 
6.92295 
7.08542 
6.95733 
6.62584 
6.33138 
6.26127 
6.04369 
6.25019 
6.15062 
6.48691 
6.0906 
6.02446 
6.28541 
6.08334 
6.29351 
6.13192 
5.67448 
5.1409 
2.89605 
3.05253 
3.09327 
2.97018 
3.1488 
3.86472 
4.84463 
6.51082 
7.57991 
7.95362 
9.21795 
8.71448 
8.73704 
8.6504 
7.18429 
5.99695 
5.07815 
3.66531 
2.92825 
2.64629 
2.37407 
2.38987 
2.81688 
2.89253 
2.4445 
2.21675 
1.92335 
2.29083 
2.2691 
3.25664 
5.09373 
6.43402 
7.19487 
8.05817 
8.55156 
8.45005 
8.21717 
8.39276 
7.99123 
6.9339 
6.93375 
6.44241 
6.41084 
6.47658 
6.42347 
5.83949 
5.74707 
5.64369 
5.848 
6.19576 
6.09537 
6.64401 
6.88634 
6.66645 
6.61118 
6.28642 
6.78206 
6.6976 
6.24161 
5.81668 
2.51647 
2.92407 
2.62482 
2.59746 
2.62835 
2.87728 
3.45069 
4.29851 
5.63388 
7.25774 
8.46569 
8.95605 
8.74862 
8.7626 
8.02519 
7.0043 
5.81259 
4.85352 
3.86644 
3.20836 
2.18125 
2.33627 
3.03425 
2.93497 
2.89857 
2.24569 
2.02107 
1.86676 
2.37251 
2.5208 
3.40523 
5.92652 
6.39972 
7.63915 
8.09153 
8.91785 
8.70593 
8.20518 
8.48617 
8.35839 
8.5867 
6.90444 
6.04318 
6.67483 
6.56 
6.30616 
4.54213 
4.52113 
5.82088 
6.18752 
5.90605 
6.03761 
6.46246 
6.62047 
6.76028 
6.95637 
6.53876 
6.76235 
6.35212 
5.62234 
3.26473 
3.06202 
2.51552 
2.20837 
2.16442 
2.5535 
2.5029 
3.25218 
3.7661 
5.90682 
8.14121 
8.77808 
8.64377 
9.13754 
8.03559 
8.25527 
6.16767 
5.71974 
4.47486 
3.63988 
2.84753 
1.96024 
2.03746 
2.52231 
2.58762 
2.76024 
2.04293 
1.76549 
1.89798 
2.11996 
2.44158 
3.65118 
5.55715 
6.21272 
7.26761 
8.09897 
8.28128 
8.643 
8.76824 
9.23054 
8.43639 
7.69567 
6.65795 
6.37995 
6.71066 
6.49871 
5.43245 
4.0575 
4.22909 
5.52162 
5.28784 
5.57099 
5.98712 
6.2361 
6.77324 
7.01424 
6.81933 
6.92241 
6.74157 
6.18624 
2.6379 
2.96197 
2.30038 
1.7721 
1.88215 
1.95057 
2.28861 
2.63974 
3.63251 
4.11162 
6.89419 
8.00566 
8.31058 
9.14326 
8.31286 
8.96821 
7.35735 
5.85731 
4.74209 
3.13503 
3.31706 
2.28585 
1.94617 
2.3643 
2.37911 
2.31627 
1.8003 
1.9098 
1.81766 
1.4059 
1.30513 
2.3594 
3.50518 
5.16501 
6.00469 
7.94574 
8.5025 
8.64644 
9.22282 
9.3473 
9.16729 
9.04147 
7.34987 
6.49972 
6.45893 
5.98693 
6.31277 
4.81 
3.52541 
3.69282 
4.74651 
5.2516 
5.38942 
5.65173 
6.18503 
6.51536 
6.67735 
6.56137 
6.48032 
6.53233 
3.12774 
2.32748 
2.29953 
1.71614 
1.2568 
1.97229 
1.56712 
2.15419 
2.97435 
3.9034 
5.47378 
7.22192 
8.17014 
8.59031 
8.43487 
8.79668 
9.00423 
6.51001 
5.37099 
3.31273 
2.96607 
2.40561 
2.21378 
2.1004 
2.44455 
2.70341 
2.10398 
1.68956 
1.43274 
1.16887 
0.927426 
1.32045 
2.49761 
3.76481 
4.92242 
5.84768 
7.65073 
8.22922 
8.48676 
9.21839 
9.04731 
9.11848 
8.13801 
7.26889 
7.09286 
6.59861 
6.24683 
5.65089 
4.29977 
3.63701 
3.24405 
4.85088 
5.0015 
5.25712 
5.79653 
5.55885 
6.29683 
6.52095 
6.4676 
6.73069 
3.10451 
2.43162 
2.85505 
2.49305 
1.15489 
0.959557 
1.54433 
1.91634 
2.44576 
3.8947 
4.63553 
5.27387 
7.5576 
8.04928 
8.6961 
8.56425 
8.9664 
8.03276 
5.47341 
4.2306 
3.45531 
2.54937 
1.46431 
1.99662 
2.61963 
2.83036 
2.35884 
1.74991 
1.12834 
1.07747 
0.742873 
0.752983 
1.80272 
3.03397 
3.82296 
4.9257 
6.0544 
7.0441 
8.14263 
8.77823 
10.0099 
9.62785 
9.10682 
8.04181 
7.58486 
7.03237 
6.19112 
6.0417 
4.86467 
3.81808 
3.15799 
3.9705 
4.28574 
4.78142 
4.94215 
5.18983 
5.57166 
6.40707 
6.53871 
5.94396 
3.59422 
2.88911 
2.11764 
1.95145 
2.0148 
1.34286 
1.51807 
1.67053 
2.0241 
3.65688 
4.2592 
5.46504 
5.68806 
7.86646 
8.27403 
8.61541 
8.63701 
7.77727 
7.10523 
4.38645 
3.44858 
3.10659 
1.79594 
1.79201 
1.98743 
2.53292 
2.35487 
2.10424 
1.49435 
1.07581 
0.991788 
0.430254 
1.18518 
1.85312 
2.92176 
3.94725 
4.90436 
5.73655 
7.16616 
7.93556 
8.36987 
9.67161 
9.25112 
9.62416 
8.7893 
7.70198 
6.8201 
5.82783 
6.01885 
4.68123 
3.79723 
3.42752 
3.631 
3.67246 
4.56726 
4.53277 
4.84907 
5.0932 
5.35932 
6.26977 
3.98244 
3.37416 
3.12243 
2.33368 
1.62204 
1.90769 
1.39077 
1.30459 
1.88613 
2.92021 
3.72702 
4.21746 
4.90564 
6.76455 
7.73714 
8.14852 
8.4303 
8.04168 
8.0753 
5.45343 
3.81852 
2.87085 
2.18836 
1.53382 
1.62905 
1.53037 
2.10528 
1.95323 
1.9647 
1.36157 
1.27192 
1.23097 
1.04801 
1.98013 
2.21108 
2.74436 
3.55497 
4.96352 
5.79362 
7.02063 
7.82169 
8.35701 
9.49471 
8.81335 
9.22474 
8.69423 
7.95812 
6.52516 
5.91843 
6.03615 
5.18346 
4.15189 
3.26317 
3.64483 
3.61721 
3.78588 
3.87249 
4.91682 
4.80159 
5.81306 
4.7216 
3.80578 
3.77697 
2.80532 
2.5183 
1.87978 
1.58878 
1.23464 
1.35841 
1.88488 
2.99837 
3.44538 
3.90188 
6.1353 
7.48644 
7.99693 
8.20092 
8.04158 
8.09527 
6.16816 
3.65658 
2.52324 
1.9019 
1.63248 
1.02621 
1.19302 
1.65648 
1.80831 
1.5216 
1.18622 
1.18903 
1.09112 
1.0581 
1.33315 
1.92242 
1.7715 
2.58762 
3.65859 
5.04523 
5.96387 
7.1997 
7.5173 
8.74723 
9.32264 
9.29933 
9.32154 
8.56865 
7.88177 
7.50272 
7.12591 
6.90852 
5.39753 
4.70558 
4.06667 
4.18874 
4.13712 
3.54404 
3.73066 
4.59611 
4.77844 
4.92827 
5.04301 
3.9326 
3.10082 
3.02149 
2.56181 
2.64898 
1.61741 
0.788059 
1.76935 
2.09316 
3.13969 
3.79887 
4.61441 
6.55488 
7.34137 
8.06996 
7.67609 
7.90838 
7.23773 
4.52309 
1.86124 
1.52461 
1.17555 
1.36549 
1.02466 
1.4611 
1.72518 
1.50795 
1.6448 
1.5683 
1.22977 
1.00114 
1.24153 
1.79063 
2.05272 
1.97217 
2.56632 
3.32806 
5.05587 
6.06346 
7.01585 
7.89679 
9.10793 
8.93151 
9.17364 
9.02978 
8.43828 
8.24382 
8.14532 
7.51137 
7.59078 
5.75078 
5.72276 
5.08126 
5.66558 
5.23996 
4.98089 
4.07234 
4.69623 
6.16947 
6.21734 
6.21916 
4.61783 
3.84846 
3.54395 
3.05849 
2.47702 
1.83491 
1.23 
1.62268 
2.62138 
3.0325 
3.80157 
5.634 
6.72324 
7.38557 
7.88796 
7.81543 
7.24716 
5.46548 
2.93017 
1.7674 
0.779556 
0.936899 
0.672544 
1.24535 
1.73937 
1.61589 
1.35745 
1.11348 
1.89714 
1.43183 
1.41642 
1.35567 
1.77959 
2.15553 
2.13004 
2.80941 
3.9728 
5.60836 
6.42215 
7.75364 
7.99976 
8.65866 
8.39055 
8.94125 
8.88972 
8.70167 
8.13947 
7.92928 
7.96267 
8.1151 
6.87933 
6.1123 
6.84032 
6.89358 
6.62491 
6.23821 
5.5741 
6.4819 
6.73894 
7.28793 
6.61857 
5.13824 
4.88239 
3.6833 
2.95062 
2.5461 
2.03634 
1.48872 
1.98216 
2.86375 
3.29777 
4.80784 
5.70454 
7.44704 
7.29684 
7.40148 
7.74082 
6.71846 
4.38496 
2.60905 
0.772163 
0.747284 
0.522647 
1.02686 
1.58033 
1.48887 
1.6636 
1.66572 
1.48187 
2.11907 
2.18168 
2.01488 
1.74805 
1.95262 
2.1719 
2.18769 
3.26656 
4.15683 
5.64205 
6.66148 
7.61397 
8.30163 
8.31724 
7.98221 
8.26941 
8.1439 
7.98995 
7.70328 
7.63363 
8.01625 
7.43815 
6.59233 
6.46295 
6.68426 
7.03208 
6.16092 
6.39176 
6.44508 
6.98618 
7.29638 
7.48681 
6.9699 
5.99792 
5.44141 
4.96371 
3.60664 
2.69435 
2.32757 
2.36608 
2.38608 
2.72829 
3.83393 
5.12166 
6.58636 
7.23027 
8.05107 
7.8396 
8.11966 
6.0227 
3.37501 
2.1747 
0.630014 
0.884632 
1.54943 
1.6202 
2.07367 
1.82306 
2.1129 
2.0176 
1.71966 
2.41459 
2.63207 
2.34511 
2.00952 
1.92839 
1.88194 
2.35476 
3.09364 
4.78711 
5.67334 
7.4649 
8.31088 
8.27051 
7.86379 
8.10796 
8.33419 
8.27434 
7.64161 
7.11135 
7.9537 
7.61783 
7.12116 
7.18739 
7.06173 
6.68465 
7.35702 
7.28455 
5.12461 
6.21474 
6.67168 
7.55646 
8.19762 
7.71215 
6.75505 
5.80702 
5.03507 
4.26312 
2.56663 
3.01069 
2.7452 
2.78322 
3.41503 
4.48459 
6.36728 
6.95859 
7.55693 
8.05015 
7.86564 
7.99126 
4.69627 
2.24318 
1.35867 
1.02384 
0.745006 
1.68811 
2.08889 
1.98657 
1.98694 
1.89992 
1.94989 
2.59908 
2.62882 
2.58278 
2.59475 
2.55498 
2.67344 
2.25344 
2.77144 
4.25677 
5.66908 
6.26219 
7.75586 
8.45445 
7.83414 
8.05791 
7.16961 
7.06465 
7.2017 
6.15434 
5.83221 
6.76442 
6.86122 
7.17939 
6.73478 
6.53544 
7.06469 
7.72492 
4.12267 
4.52185 
6.03809 
6.74503 
8.01366 
8.48182 
8.35682 
8.07629 
7.34658 
5.94175 
4.68656 
3.94107 
3.53746 
3.05991 
3.02623 
3.83973 
5.23791 
6.91006 
7.56316 
8.21487 
7.95533 
8.55061 
6.99313 
3.93445 
2.28121 
0.531897 
0.887475 
1.03422 
1.9779 
2.07152 
2.32988 
2.35801 
2.17226 
2.60566 
2.7626 
2.79329 
2.7085 
2.983 
2.9398 
2.78182 
3.36609 
3.70354 
4.93747 
6.32583 
7.29568 
8.08846 
8.5923 
8.55742 
6.91091 
6.86344 
6.5028 
5.26279 
5.23619 
5.96018 
5.42691 
5.84316 
5.6057 
5.4997 
5.36592 
6.02034 
2.95729 
3.41668 
4.33153 
5.98586 
6.92528 
7.61433 
8.06438 
8.96342 
8.70891 
8.06843 
6.39411 
5.46475 
4.83507 
4.12412 
3.58352 
3.26583 
3.53227 
5.2201 
7.43032 
7.58278 
7.72726 
7.7634 
7.51515 
5.57905 
3.32568 
2.40133 
1.14558 
0.694772 
1.18257 
1.91682 
2.20498 
2.16473 
2.50136 
2.61368 
3.48808 
3.39401 
3.25463 
3.5313 
3.81649 
3.51392 
3.31623 
3.67746 
4.14819 
5.05458 
6.49056 
7.63005 
8.61198 
8.45133 
7.73152 
6.76263 
6.64683 
4.97879 
5.23392 
5.77703 
5.34126 
4.97054 
4.91697 
4.75965 
4.88764 
5.52656 
2.19959 
2.79252 
3.62295 
4.11688 
5.63342 
6.54328 
7.39856 
8.07833 
9.01165 
8.19646 
7.7757 
7.54998 
7.75253 
4.52261 
3.92634 
3.34708 
3.25178 
3.95719 
6.33589 
7.83472 
8.10837 
8.10956 
7.78429 
6.6685 
5.19189 
3.70012 
3.14371 
2.42935 
1.25602 
1.04149 
1.20414 
1.85435 
2.26306 
2.69899 
3.12415 
3.26574 
3.42018 
3.48618 
3.52598 
3.99067 
3.54485 
3.61431 
4.10544 
4.56739 
5.88493 
6.90445 
8.26541 
8.41881 
8.34342 
7.51581 
7.31332 
6.43247 
5.5155 
6.12541 
5.83092 
5.58984 
5.33713 
4.99836 
4.85074 
4.9163 
2.21825 
1.75847 
2.33666 
3.1323 
4.02562 
4.88101 
6.81901 
7.55847 
8.30969 
8.35774 
8.43647 
7.70318 
8.20823 
7.3788 
5.28164 
3.37287 
3.17426 
2.77902 
4.25874 
6.35681 
7.77264 
9.18427 
8.16539 
8.5346 
7.62487 
5.67217 
4.37911 
4.02377 
2.83045 
2.24639 
1.12094 
1.41833 
1.60935 
1.88135 
2.47373 
2.83395 
3.29144 
3.41839 
3.56336 
3.46603 
3.62459 
3.3068 
3.97735 
4.7427 
5.14122 
6.40898 
7.58383 
8.36759 
8.5171 
8.05779 
7.90734 
6.99887 
6.34378 
7.00992 
6.33879 
5.66625 
5.21043 
4.7186 
4.60052 
4.35802 
2.63035 
2.10538 
1.62079 
1.9467 
3.06687 
4.08172 
5.28813 
6.01256 
7.52829 
7.91469 
8.30667 
8.69787 
8.04814 
7.95163 
7.40033 
5.38627 
4.29337 
3.5011 
3.33026 
4.5258 
6.60204 
7.70503 
8.18115 
8.45968 
8.04127 
6.53639 
5.10077 
4.84082 
4.69806 
3.31645 
2.50645 
1.43945 
1.51025 
1.84478 
2.19894 
2.48429 
2.99901 
3.75716 
3.43562 
3.1752 
3.31854 
2.93081 
3.35165 
3.42138 
5.21087 
5.86559 
6.87354 
7.63424 
8.57899 
8.16157 
8.32941 
7.76136 
7.09398 
7.73368 
7.80748 
6.33413 
5.80946 
5.38785 
4.61552 
5.2199 
4.10829 
3.4707 
2.64274 
2.24906 
2.74585 
3.26951 
4.24331 
5.16089 
5.38825 
7.08257 
8.0193 
8.74801 
8.61893 
8.46224 
8.03811 
7.06596 
5.00845 
3.75762 
3.60572 
3.4088 
4.52396 
6.68123 
7.80845 
8.03901 
8.34825 
8.19539 
6.97374 
5.94436 
5.30854 
4.56668 
3.41359 
2.60231 
1.86246 
1.60739 
2.15696 
2.51282 
3.12221 
3.06222 
3.28899 
3.2129 
3.35219 
3.00621 
3.03175 
3.35553 
3.81242 
3.75147 
5.5492 
7.46974 
7.2958 
7.67409 
8.60911 
8.40722 
8.23827 
8.26409 
8.52007 
8.0728 
6.56587 
5.88509 
4.64863 
4.97398 
4.36314 
4.38295 
3.98142 
3.35377 
2.85636 
2.98408 
3.8158 
4.51708 
5.06487 
5.6149 
7.96551 
8.55755 
9.38803 
8.98981 
9.27427 
8.4266 
7.08875 
4.57259 
3.94011 
3.02238 
3.93482 
5.47013 
6.83026 
7.76418 
8.99496 
8.69354 
8.3783 
7.40388 
6.46159 
5.97487 
5.80673 
4.35887 
3.09906 
2.52682 
2.93066 
3.23853 
2.62338 
3.29734 
3.46019 
3.19289 
3.39042 
3.50674 
3.39452 
3.76516 
3.73875 
3.88029 
4.21329 
5.9401 
7.0476 
7.14095 
7.64736 
8.26604 
8.6301 
9.18315 
9.45346 
9.0783 
8.36759 
7.08321 
6.29648 
6.01897 
4.16333 
3.75657 
4.00787 
3.311 
3.55806 
3.28473 
3.39744 
3.6185 
4.13019 
3.96485 
5.9209 
7.80256 
8.70083 
9.21718 
10.3684 
9.57364 
8.19078 
6.67408 
4.81647 
3.63342 
4.40807 
4.07349 
5.05144 
6.10494 
7.16888 
7.95217 
8.31069 
7.95601 
7.23251 
6.76196 
6.35862 
5.57743 
4.61426 
4.2109 
3.64756 
3.55757 
3.87867 
3.26356 
3.63751 
3.88134 
3.57583 
3.81378 
3.86033 
3.89034 
4.2882 
3.89414 
3.99518 
4.70421 
5.09422 
6.17452 
6.63089 
7.60778 
8.66717 
9.09456 
9.90821 
10.3351 
9.92814 
8.29557 
7.40194 
6.98995 
4.67487 
4.49781 
3.94784 
3.65795 
4.17346 
4.27816 
3.82189 
3.73021 
3.99634 
3.67632 
4.53004 
5.4587 
8.15449 
8.98059 
9.97931 
10.0886 
10.1147 
8.41605 
7.11039 
4.25162 
4.66884 
4.12627 
4.37689 
5.15058 
6.31431 
6.83191 
7.58914 
7.37717 
7.54894 
7.51224 
6.90652 
6.42792 
5.83326 
4.87815 
5.00921 
4.29214 
4.68809 
4.77318 
4.50713 
4.26258 
4.56289 
4.22687 
4.0829 
4.19106 
4.64192 
4.41651 
4.36573 
3.76671 
4.5645 
4.82684 
4.92898 
5.29125 
8.18596 
8.73068 
9.80909 
10.2274 
10.0722 
9.96782 
8.28592 
6.9657 
4.80422 
4.68629 
4.71154 
4.11854 
4.44098 
3.92346 
4.42646 
3.86746 
3.84888 
3.89552 
4.05038 
4.57006 
5.78684 
7.85455 
9.17165 
9.46383 
9.99945 
9.55521 
8.26842 
7.04798 
5.25677 
4.93104 
4.44314 
4.51986 
5.01334 
5.38016 
6.47788 
6.78977 
6.96992 
6.91596 
7.37772 
7.16567 
6.3022 
5.54828 
5.69216 
5.23686 
5.00353 
5.24255 
5.0975 
5.12944 
4.75938 
4.3701 
4.12143 
4.17027 
4.3755 
4.36881 
4.36026 
4.34545 
3.75025 
4.03795 
3.8719 
4.52263 
4.61211 
7.54449 
8.96243 
10.3585 
10.4686 
10.4389 
9.20224 
8.0441 
4.75912 
5.01777 
4.85676 
4.61874 
4.11438 
4.11442 
3.99447 
4.01985 
3.88756 
3.5384 
3.53628 
3.85753 
4.42842 
5.97269 
8.49665 
9.55325 
9.73951 
9.95129 
8.79871 
8.21692 
7.15606 
5.88107 
5.48855 
4.46868 
4.83579 
5.07354 
5.01715 
5.66103 
6.30523 
6.56097 
6.91688 
7.22163 
7.25721 
6.39018 
5.52889 
5.2792 
5.99664 
5.56381 
5.76196 
5.41566 
5.49251 
4.92624 
4.72673 
4.44967 
4.58255 
4.33424 
4.34867 
3.93953 
3.62492 
3.59444 
2.66067 
3.5799 
3.93711 
5.1127 
6.94821 
8.62052 
9.50321 
10.39 
9.60341 
8.56722 
4.90697 
5.28311 
5.12908 
5.08556 
4.8528 
4.47141 
4.35583 
3.91315 
3.86518 
4.02207 
3.93457 
3.96148 
3.7999 
4.36316 
6.73535 
8.23167 
9.15068 
9.82829 
8.96912 
7.942 
8.3213 
6.61453 
5.92829 
5.67756 
4.77882 
5.21565 
4.66148 
4.77568 
5.57003 
5.97933 
6.08911 
6.00857 
6.29416 
6.59349 
6.43711 
6.04259 
5.75959 
6.00295 
5.52895 
5.68231 
5.4943 
5.52952 
5.39453 
4.93603 
5.27023 
4.67072 
4.83873 
3.90111 
3.31049 
3.38171 
2.82753 
3.25 
3.22698 
3.48669 
4.70673 
6.33265 
8.08792 
9.2779 
9.19745 
8.32305 
