   8.0640970e+00
   7.8022341e+00
   7.9104551e+00
   7.8079097e+00
   8.5533259e+00
   8.5283450e+00
   8.7773532e+00
   8.8225358e+00
   8.6066443e+00
   8.2260033e+00
   7.7769851e+00
   8.0263817e+00
   7.8844304e+00
   7.6635244e+00
   8.2619103e+00
   2.5271328e+00
   2.4570375e+00
   1.7466096e+00
   1.7780061e+00
   2.6412347e+00
   3.3103318e+00
   3.6979636e+00
   3.3739975e+00
   2.6873425e+00
   3.6702943e+00
   8.5135749e+00
   8.7067537e+00
   9.0485095e+00
   8.5851717e+00
   8.9490099e+00
   8.7990450e+00
   8.6789643e+00
   7.9954552e+00
   8.3441290e+00
   8.4194592e+00
   3.7677926e+00
   3.6355443e+00
   3.6505382e+00
   3.8099524e+00
   3.1948624e+00
   7.5648337e+00
   7.6589041e+00
   7.8529468e+00
   7.6115764e+00
   7.1355029e+00
   6.9605258e+00
   7.3516360e+00
   7.5364846e+00
   7.1357867e+00
   7.2760619e+00
   6.8745978e+00
   7.2798412e+00
   7.8401032e+00
   1.9524176e+00
   2.6570300e+00
   2.5122206e+00
   2.1569628e+00
   2.4466900e+00
   2.1526678e+00
   2.2245662e+00
   7.8320194e+00
   7.9912526e+00
   7.3754529e+00
   7.6876455e+00
   8.2612577e+00
   8.6237375e+00
   8.5642201e+00
   8.0904721e+00
   8.5836744e+00
   8.0668492e+00
   7.6634193e+00
   7.9740779e+00
   7.4679825e+00
   7.8279050e+00
   8.2621862e+00
   7.7550597e+00
   7.8951061e+00
   1.8934300e+00
   1.8717230e+00
   2.7531075e+00
   2.9653554e+00
   3.2211143e+00
   3.0239873e+00
   2.1901202e+00
   3.1627072e+00
   4.6769873e+00
   8.3692759e+00
   9.0042083e+00
   8.6429359e+00
   8.8342058e+00
   9.0662590e+00
   8.6913829e+00
   8.5261052e+00
   8.6373177e+00
   8.4811562e+00
   8.6912441e+00
   8.3870628e+00
   4.3643368e+00
   3.8718090e+00
   3.1936950e+00
   2.6661621e+00
   2.1410112e+00
   8.0415844e+00
   7.9248859e+00
   7.4923802e+00
   7.3395494e+00
   7.3109148e+00
   7.0220150e+00
   7.5638200e+00
   7.6649485e+00
   7.7375922e+00
   8.0392878e+00
   7.5578945e+00
   8.1322293e+00
   2.8759137e+00
   2.2365234e+00
   2.4052441e+00
   2.9985086e+00
   2.6470579e+00
   3.1952670e+00
   2.4440924e+00
   3.1649751e+00
   2.6878381e+00
   2.7604529e+00
   8.0994617e+00
   8.7950362e+00
   8.1844659e+00
   8.0466115e+00
   8.0254861e+00
   7.6948805e+00
   7.9490735e+00
   7.7224200e+00
   7.4322210e+00
   7.9175428e+00
   8.4294678e+00
   7.7728526e+00
   7.6735812e+00
   7.1419568e+00
   6.8699371e+00
   7.5997002e-01
   2.3964865e+00
   2.4292823e+00
   2.4481623e+00
   2.3932352e+00
   2.9331713e+00
   3.3229574e+00
   2.8566317e+00
   4.5473984e+00
   7.9905638e+00
   8.4287699e+00
   8.1137378e+00
   8.3742826e+00
   8.5577777e+00
   8.6780527e+00
   8.5792661e+00
   8.3813510e+00
   8.3357125e+00
   8.3510773e+00
   8.1131253e+00
   3.7883528e+00
   3.1611414e+00
   2.3504510e+00
   2.4597073e+00
   3.4018197e+00
   7.8308512e+00
   7.4123947e+00
   7.7771137e+00
   7.5967586e+00
   7.5156622e+00
   7.5668682e+00
   7.5844420e+00
   7.6642965e+00
   8.1670328e+00
   7.6868166e+00
   3.1571151e+00
   2.2893563e+00
   2.5381658e+00
   2.3654448e+00
   2.3291263e+00
   2.3303117e+00
   3.1981231e+00
   2.5580362e+00
   2.4823342e+00
   2.0995214e+00
   3.5336290e+00
   8.2337334e+00
   7.8312351e+00
   7.8223839e+00
   7.9473517e+00
   8.0082220e+00
   8.0784485e+00
   8.3237745e+00
   7.8712753e+00
   7.5807895e+00
   7.4279587e+00
   7.8585820e+00
   7.0311312e+00
   7.3101239e+00
   7.0866919e+00
   6.7280258e+00
   2.1171653e+00
   1.3855287e+00
   2.4357171e+00
   2.0670512e+00
   2.4976571e+00
   2.7099720e+00
   2.4913743e+00
   3.1629167e+00
   3.4229683e+00
   3.9172398e+00
   8.7149040e+00
   8.1312507e+00
   8.1985695e+00
   8.0303877e+00
   7.8517961e+00
   7.8182448e+00
   8.6796405e+00
   8.6689546e+00
   7.9960535e+00
   3.6040972e+00
   2.3504097e+00
   2.6379989e+00
   3.3924892e+00
   3.5219741e+00
   8.0251262e+00
   7.5735412e+00
   8.0947145e+00
   7.5528401e+00
   7.2520457e+00
   7.3248850e+00
   7.7772182e+00
   7.8417785e+00
   7.4261717e+00
   8.1381784e+00
   2.8855122e+00
   2.6758885e+00
   2.3107471e+00
   2.9507052e+00
   2.3152749e+00
   2.3369707e+00
   3.4948125e+00
   2.6915069e+00
   1.6594726e+00
   1.2459325e+00
   1.6196579e+00
   3.0679100e+00
   8.2189971e+00
   8.1805658e+00
   7.9754876e+00
   8.4439306e+00
   8.3359268e+00
   7.9744818e+00
   7.9141046e+00
   7.7485981e+00
   7.5714499e+00
   7.5429801e+00
   7.1776428e+00
   7.3730017e+00
   7.0110514e+00
   6.6403531e+00
   6.8803090e+00
   1.7813476e+00
   1.5952279e+00
   1.8173139e+00
   2.9685569e+00
   2.5775544e+00
   2.4314556e+00
   2.9393767e+00
   3.6109116e+00
   3.1335210e+00
   3.4039380e+00
   2.3140448e+00
   7.9639867e+00
   7.8491029e+00
   7.7093047e+00
   7.9315214e+00
   8.2464894e+00
   8.9680996e+00
   8.2216221e+00
   8.1797267e+00
   8.3587077e+00
   3.2970603e+00
   2.6412072e+00
   3.1232400e+00
   3.0213542e+00
   8.0529652e+00
   7.5973086e+00
   7.7308287e+00
   7.3054451e+00
   7.5672250e+00
   7.6049119e+00
   7.5576107e+00
   7.2810848e+00
   8.0240961e+00
   3.0186936e+00
   2.6548679e+00
   7.7810180e+00
   7.5011390e+00
   7.2454591e+00
   7.2179112e+00
   2.8596073e+00
   2.8800979e+00
   2.1995005e+00
   1.7764856e+00
   2.4794712e+00
   2.7878954e+00
   3.0993294e+00
   7.9133602e+00
   8.0924828e+00
   8.1181973e+00
   7.7515974e+00
   8.0741623e+00
   7.6868070e+00
   7.6505775e+00
   7.4107465e+00
   7.3117842e+00
   7.4761545e+00
   6.8546628e+00
   7.4415123e+00
   6.6557843e+00
   6.8487403e+00
   7.3968367e+00
   1.7276257e+00
   2.3590513e+00
   2.5570071e+00
   2.5329096e+00
   9.7328566e-01
   2.3651760e+00
   3.0855460e+00
   3.0553771e+00
   3.1249510e+00
   2.8073809e+00
   3.1356303e+00
   7.7217221e+00
   8.1687498e+00
   7.8714660e+00
   8.6000583e+00
   8.4134993e+00
   8.4322600e+00
   8.0395546e+00
   8.2129973e+00
   3.2255519e+00
   3.2483463e+00
   2.3613096e+00
   2.6475913e+00
   2.3605382e+00
   7.4094968e+00
   7.1473359e+00
   7.1518035e+00
   7.3168313e+00
   7.5570855e+00
   7.9894711e+00
   7.3541716e+00
   7.7279145e+00
   7.5641823e+00
   7.7971869e+00
   8.0291299e+00
   7.6627063e+00
   7.2132505e+00
   7.7596516e+00
   3.7602944e+00
   2.7095279e+00
   1.8406186e+00
   1.8992712e+00
   2.8231642e+00
   2.6737625e+00
   1.9918285e+00
   3.0753942e+00
   7.9846515e+00
   8.1617586e+00
   7.8262164e+00
   7.5674031e+00
   7.9901834e+00
   7.5074824e+00
   8.0817851e+00
   7.2953750e+00
   7.1030468e+00
   7.2509349e+00
   7.6004449e+00
   7.3213049e+00
   7.5560272e+00
   7.5156012e+00
   7.4740282e+00
   7.5563266e+00
   7.4311041e+00
   7.1644032e+00
   1.6069790e+00
   1.3873412e+00
   1.6300174e+00
   2.1938139e+00
   2.6909545e+00
   2.4085899e+00
   2.3992534e+00
   2.8637322e+00
   3.1914126e+00
   8.3696683e+00
   8.4958840e+00
   8.4189473e+00
   8.1093414e+00
   8.1837052e+00
   7.6465313e+00
   2.4601016e+00
   2.8080398e+00
   2.4559595e+00
   1.8612175e+00
   2.6562080e+00
   2.3381140e+00
   7.1369157e+00
   7.1469677e+00
   7.1818689e+00
   7.4563820e+00
   7.5675776e+00
   7.5910003e+00
   7.8346226e+00
   7.6022512e+00
   7.7767690e+00
   7.8354817e+00
   7.5629863e+00
   7.3232247e+00
   7.3291895e+00
   3.1232541e+00
   2.3674360e+00
   2.1640238e+00
   1.6820643e+00
   1.3391942e+00
   2.4264768e+00
   2.1717204e+00
   2.1864179e+00
   2.9455091e+00
   2.3289648e+00
   7.9337975e+00
   7.4578853e+00
   7.7715082e+00
   8.0422610e+00
   7.8940049e+00
   8.0084631e+00
   7.5187919e+00
   6.9950105e+00
   7.0270863e+00
   7.1312225e+00
   7.4611798e+00
   7.6756218e+00
   7.1111729e+00
   7.1088425e+00
   7.2438955e+00
   7.0530222e+00
   6.6331808e+00
   7.1717565e+00
   1.8661997e+00
   2.7081028e+00
   2.8108960e+00
   2.8354926e+00
   2.9423574e+00
   3.0866462e+00
   2.8241443e+00
   3.1609946e+00
   2.7655983e+00
   7.9228767e+00
   8.1363546e+00
   8.2057828e+00
   7.9748513e+00
   3.1606954e+00
   2.0390478e+00
   2.6446733e+00
   2.5992983e+00
   1.8011218e+00
   2.2341440e+00
   7.3597319e+00
   6.8626984e+00
   7.5025197e+00
   7.3939992e+00
   7.9710943e+00
   7.9192296e+00
   3.2895844e+00
   8.1903619e+00
   7.4424903e+00
   7.5522714e+00
   7.3615189e+00
   7.5169361e+00
   7.2096221e+00
   7.1053651e+00
   1.4724853e+00
   1.7692529e+00
   1.4555716e+00
   2.8152820e+00
   2.2990364e+00
   2.3904589e+00
   2.9287577e+00
   3.0862361e+00
   3.5355068e+00
   3.1113993e+00
   7.8299631e+00
   8.2409219e+00
   7.8553599e+00
   8.2495769e+00
   8.0928272e+00
   7.5433242e+00
   7.4946255e+00
   6.9512163e+00
   7.2181587e+00
   7.1012115e+00
   7.2270878e+00
   7.6497818e+00
   7.8446915e+00
   7.9783221e+00
   7.2216966e+00
   7.1344706e+00
   7.6012901e+00
   7.4346057e+00
   8.1257272e+00
   2.8938213e+00
   2.5472248e+00
   2.4762336e+00
   3.2829125e+00
   3.0293515e+00
   3.2509912e+00
   2.8930748e+00
   7.5902637e+00
   8.0673939e+00
   8.2498461e+00
   8.5078673e+00
   2.4811308e+00
   1.9649762e+00
   2.8278672e+00
   2.2437820e+00
   2.7386291e+00
   2.0184661e+00
   7.3168313e+00
   7.5764964e+00
   7.2649413e+00
   7.4339899e+00
   7.5845338e+00
   8.2186759e+00
   3.2621470e+00
   4.1419415e+00
   7.9548119e+00
   7.2846770e+00
   7.4889022e+00
   7.1716298e+00
   7.2479283e+00
   7.2774746e+00
   2.1601926e+00
   2.2606974e+00
   2.0901325e+00
   2.7759449e+00
   2.0504209e+00
   2.8243651e+00
   2.4014851e+00
   3.1218214e+00
   3.2648280e+00
   3.2944489e+00
   3.9047526e+00
   8.1174249e+00
   7.9186054e+00
   8.3626688e+00
   7.7019326e+00
   8.2005926e+00
   7.4400996e+00
   7.5140497e+00
   7.6237812e+00
   7.1180252e+00
   7.4464628e+00
   7.9766908e+00
   7.2303056e+00
   7.5672739e+00
   7.5776465e+00
   6.7225681e+00
   7.3267022e+00
   7.8869860e+00
   7.9408417e+00
   8.0135935e+00
   3.3248584e+00
   2.9585564e+00
   2.4813842e+00
   2.4138925e+00
   2.1511044e+00
   2.4631373e+00
   7.9354795e+00
   8.2534914e+00
   7.8018821e+00
   7.8918508e+00
   2.7885826e+00
   1.7668047e+00
   1.9903768e+00
   3.0308603e+00
   2.5871332e+00
   2.4305038e+00
   2.1869162e+00
   7.5560024e+00
   7.6416563e+00
   7.5669739e+00
   7.9517758e+00
   8.1020547e+00
   3.8147808e+00
   2.2650199e+00
   2.3816387e+00
   7.3151348e+00
   7.1537777e+00
   6.9445814e+00
   7.0380439e+00
   7.0074351e+00
   6.9783899e+00
   6.8444297e+00
   3.0157186e+00
   2.9312497e+00
   2.8295955e+00
   3.3358579e+00
   3.6658189e+00
   2.9986804e+00
   3.2105469e+00
   3.6651833e+00
   3.3241119e+00
   3.3132653e+00
   8.3754701e+00
   7.7500108e+00
   7.3897249e+00
   7.4220845e+00
   6.8009496e+00
   7.1205608e+00
   7.2092297e+00
   7.3339589e+00
   7.2285126e+00
   7.3866821e+00
   7.2614759e+00
   7.3775176e+00
   7.0477819e+00
   7.3319365e+00
   6.8836778e+00
   7.4654783e+00
   7.7338286e+00
   8.2125602e+00
   8.1134707e+00
   8.2912296e+00
   8.2456472e+00
   8.5859227e+00
   1.9790122e+00
   1.8196848e+00
   2.5640922e+00
   8.0712199e+00
   7.8837114e+00
   7.3415357e+00
   7.4847334e+00
   1.8266685e+00
   2.4607956e+00
   2.1203522e+00
   2.9893379e+00
   2.6784088e+00
   2.7808275e+00
   7.3898094e+00
   7.8285135e+00
   7.5075457e+00
   7.9578474e+00
   8.0252592e+00
   2.4437436e+00
   2.1009903e+00
   2.4364619e+00
   3.2875150e+00
   2.2406123e+00
   7.0278953e+00
   7.4707373e+00
   7.0362448e+00
   7.4049991e+00
   7.2790865e+00
   7.4658339e+00
   3.0483568e+00
   2.9845120e+00
   2.6348695e+00
   4.1356794e+00
   4.1250879e+00
   3.7343638e+00
   3.9879657e+00
   4.1597486e+00
   3.7389422e+00
   3.2613576e+00
   8.0605334e+00
   7.7617967e+00
   7.7716476e+00
   7.3370138e+00
   7.4368817e+00
   7.2360591e+00
   2.4679193e+00
   2.9452376e+00
   2.7904681e+00
   7.4297578e+00
   7.1581003e+00
   6.7787748e+00
   6.3284635e+00
   7.0075981e+00
   8.0360543e+00
   7.8678986e+00
   8.3273691e+00
   7.9470728e+00
   8.1377576e+00
   8.7366562e+00
   8.4037093e+00
   7.5412885e+00
   7.9557917e+00
   8.2246045e+00
   7.9842126e+00
   7.8392978e+00
   7.4626209e+00
   7.5427839e+00
   7.1005957e+00
   2.1687912e+00
   3.0637422e+00
   2.8167904e+00
   2.9988719e+00
   2.2984445e+00
   7.2904908e+00
   7.6122048e+00
   7.8686400e+00
   7.6350823e+00
   7.5131272e+00
   2.7633339e+00
   2.7394194e+00
   2.2059516e+00
   2.6066780e+00
   3.3228827e+00
   2.3645661e+00
   2.2926703e+00
   6.7522049e+00
   7.3966435e+00
   7.4537981e+00
   7.4758122e+00
   7.6684181e+00
   2.9319489e+00
   3.2300092e+00
   3.1654062e+00
   3.9689817e+00
   3.9954905e+00
   4.5023610e+00
   4.0888725e+00
   4.3764315e+00
   3.4480872e+00
   4.5863283e+00
   8.2742106e+00
   7.7804614e+00
   7.9019402e+00
   8.0342603e+00
   8.2364362e+00
   7.8032996e+00
   2.4110947e+00
   2.0479728e+00
   2.2700597e+00
   1.7668734e+00
   7.0939124e+00
   7.3345989e+00
   7.1467624e+00
   8.0317878e+00
   8.0298614e+00
   8.0863409e+00
   7.9972355e+00
   8.5431761e+00
   8.4185736e+00
   7.9602013e+00
   7.5735756e+00
   7.5319772e+00
   7.8887476e+00
   8.0287858e+00
   7.7928830e+00
   7.6804974e+00
   7.8010314e+00
   7.6465416e+00
   2.0184833e+00
   2.5567520e+00
   2.6864061e+00
   2.5367321e+00
   2.3239182e+00
   2.1614210e+00
   7.0938038e+00
   7.8949932e+00
   7.4599741e+00
   7.1846883e+00
   7.6176945e+00
   2.7788535e+00
   3.1130740e+00
   2.9882693e+00
   2.4716774e+00
   2.7211699e+00
   2.7826726e+00
   7.0385631e+00
   7.2499931e+00
   7.7530451e+00
   7.4345151e+00
   7.8493094e+00
   7.7982320e+00
   3.1690546e+00
   3.4091942e+00
   3.4706780e+00
   3.9485581e+00
   4.5664511e+00
   4.1064820e+00
   4.2362083e+00
   4.3943846e+00
   3.8345988e+00
   8.2037742e+00
   8.7904600e+00
   8.1068661e+00
   8.0123572e+00
   8.2492412e+00
   8.0956069e+00
   3.0609589e+00
   1.8518629e+00
   2.5251442e+00
   1.6208605e+00
   3.0345778e+00
   2.9385125e+00
   8.1577590e+00
   8.0561037e+00
   8.1553205e+00
   8.2185648e+00
   8.3877631e+00
   8.4529315e+00
   8.3274838e+00
   8.1834589e+00
   8.1197586e+00
   8.5539990e+00
   7.9156671e+00
   8.3701586e+00
   8.2017710e+00
   8.1671119e+00
   7.6816765e+00
   7.3801076e+00
   8.0904035e+00
   2.5222202e+00
   2.5936882e+00
   2.0188784e+00
   1.5844818e+00
   1.7225919e+00
   7.2534705e+00
   7.7874954e+00
   7.6103104e+00
   7.6868812e+00
   7.8689177e+00
   3.3528206e+00
   3.3936987e+00
   2.5420571e+00
   2.5906740e+00
   3.6213691e+00
   2.7878928e+00
   7.2993535e+00
   6.9166592e+00
   7.2139085e+00
   7.3818221e+00
   7.6405352e+00
   7.7235236e+00
   8.0985767e+00
   8.1351996e+00
   7.9083976e+00
   3.7893046e+00
   4.2038239e+00
   4.2555358e+00
   3.6817860e+00
   4.2606984e+00
   4.4485704e+00
   3.7247266e+00
   8.4175593e+00
   8.0465928e+00
   8.3046854e+00
   8.2467152e+00
   7.8130643e+00
   2.2145588e+00
   2.9828215e+00
   2.8889834e+00
   2.1757406e+00
   3.4044353e+00
   3.5819684e+00
   2.6298160e+00
   2.5732852e+00
   3.3662339e+00
   4.0250745e+00
   8.6066721e+00
   8.5026680e+00
   8.3364171e+00
   8.3875760e+00
   8.7132438e+00
   8.2562782e+00
   8.1381983e+00
   8.5918815e+00
   8.5798130e+00
   8.1227265e+00
   7.7644893e+00
   7.7196139e+00
   8.2538126e+00
   2.6017834e+00
   2.0491410e+00
   2.0935170e+00
   1.8367703e+00
   1.7065973e+00
   2.3164148e+00
   7.4222112e+00
   7.3386076e+00
   7.6659459e+00
   7.4309894e+00
   8.3398571e+00
   3.1864642e+00
   2.0514603e+00
   1.7550192e+00
   2.7291174e+00
   3.0151208e+00
   1.8035527e+00
   6.8822409e+00
   6.8861168e+00
   7.3986358e+00
   7.7617707e+00
   7.5758999e+00
   7.8818712e+00
   8.0136443e+00
   8.0395424e+00
   8.3482953e+00
   8.4174072e+00
   9.0242036e+00
   8.6276943e+00
   8.4096693e+00
   4.6743845e+00
   4.0048966e+00
   7.7946078e+00
   7.9456703e+00
   8.5143477e+00
   8.5569168e+00
   7.8556328e+00
   3.8861595e+00
   3.1274583e+00
   2.8932836e+00
   2.3784888e+00
   3.4691731e+00
   2.8143096e+00
   2.3807308e+00
   3.1157024e+00
   3.8449249e+00
   3.9513825e+00
   4.4851123e+00
   3.9070555e+00
   3.7331319e+00
   3.4113391e+00
   8.4255520e+00
   8.1851089e+00
   8.1258462e+00
   8.2552615e+00
   8.5694616e+00
   8.2292574e+00
   8.0281214e+00
   7.9628915e+00
   7.5577985e+00
   8.0479697e+00
   2.1620223e+00
   1.9886502e+00
   2.9064735e+00
   2.9124221e+00
   1.4550046e+00
   6.9575494e+00
   7.5964664e+00
   7.6531741e+00
   7.4416572e+00
   7.8155371e+00
   7.7262392e+00
   2.8302733e+00
   2.5141456e+00
   2.7899200e+00
   3.5879153e+00
   8.0295441e-01
   1.7496934e+00
   7.0495388e+00
   7.4081747e+00
   7.9636456e+00
   8.1324424e+00
   7.7294045e+00
   8.0327583e+00
   7.8533296e+00
   8.0030923e+00
   8.5662335e+00
   8.3869264e+00
   8.1832210e+00
   8.4583372e+00
   8.7474507e+00
   8.3746062e+00
   3.4700200e+00
   8.6707114e+00
   8.6840175e+00
   8.6369017e+00
   7.7621957e+00
   8.3763214e+00
   4.0248340e+00
   2.9330175e+00
   3.1754889e+00
   3.5198481e+00
   3.4595703e+00
   3.9553125e+00
   4.0722250e+00
   4.4365272e+00
   4.7171370e+00
   4.1517599e+00
   3.9128873e+00
   3.7557245e+00
   3.6879580e+00
   2.9851666e+00
   3.0882067e+00
   8.2898410e+00
   8.1936799e+00
   8.3837973e+00
   7.4572091e+00
   7.9770138e+00
   7.9599604e+00
   7.9091118e+00
   7.6948709e+00
   7.5543446e+00
   2.3365077e+00
   1.9408125e+00
   2.1451601e+00
   2.3286590e+00
   7.3416685e+00
   7.2856067e+00
   7.2915413e+00
   7.0690390e+00
   7.0997082e+00
   7.0918054e+00
   7.7838960e+00
   2.8404542e+00
   2.7124717e+00
   2.4134432e+00
   1.8417869e+00
   1.3145838e+00
   2.4149087e+00
   2.9825200e+00
   2.7790863e+00
   2.7173259e+00
   8.2987471e+00
   8.1777006e+00
   8.0291656e+00
   7.8789057e+00
   8.3825174e+00
   8.2045198e+00
   8.4620356e+00
   8.2359991e+00
   8.5586845e+00
   8.6630737e+00
   8.3043455e+00
   8.6750160e+00
   9.0109278e+00
   8.7158941e+00
   8.3009954e+00
   9.2010946e+00
   8.5925643e+00
   3.3018406e+00
   3.9332121e+00
   4.1541909e+00
   3.8710016e+00
   3.5617837e+00
   3.9295940e+00
   4.3805719e+00
   4.3378882e+00
   3.7118949e+00
   4.3715696e+00
   4.2145099e+00
   4.4504602e+00
   4.8775038e+00
   3.8129761e+00
   4.0247738e+00
   3.7241803e+00
   8.3637404e+00
   8.0933414e+00
   7.9498028e+00
   8.0125099e+00
   7.6937280e+00
   7.8982599e+00
   8.1012580e+00
   7.6146849e+00
   7.5261990e+00
   2.2958108e+00
   1.6897008e+00
   7.2967816e+00
   7.2119887e+00
   7.1202348e+00
   6.9329416e+00
   7.0569102e+00
   7.2274259e+00
   7.6179456e+00
   7.4473563e+00
   3.7030781e+00
   3.7310910e+00
   1.4551335e+00
   1.7453812e+00
   1.5014766e+00
   2.3968516e+00
   3.0949560e+00
   2.1207130e+00
   2.8258666e+00
   4.0692271e+00
   8.4944652e+00
   8.7462010e+00
   8.1099293e+00
   8.4530715e+00
   8.4646660e+00
   8.3697722e+00
   8.4458951e+00
   8.4048841e+00
   8.3108409e+00
   8.5235225e+00
   8.4473102e+00
   8.3465868e+00
   8.6701319e+00
   8.9971991e+00
   9.0779833e+00
   8.5113152e+00
   4.6779837e+00
   4.2599768e+00
   3.9394553e+00
   3.9383455e+00
   4.3283017e+00
   4.4555970e+00
   5.0779946e+00
   3.9336605e+00
   4.1035270e+00
   3.4463520e+00
   4.3291607e+00
   4.4176893e+00
   3.6730955e+00
   4.2168464e+00
   2.8511642e+00
   3.1495845e+00
   7.9638255e+00
   8.0179379e+00
   8.0414073e+00
   8.2243768e+00
   7.4731305e+00
   7.1832092e+00
   7.1467503e+00
   7.3839171e+00
   7.2971620e+00
   1.8265997e+00
   2.2102724e+00
   7.3445905e+00
   7.7275305e+00
   7.0997565e+00
   7.3617121e+00
   7.3635293e+00
   7.5398136e+00
   7.7369202e+00
   7.9213922e+00
   3.9835762e+00
   1.4545408e+00
   1.6399131e+00
   1.8846682e+00
   2.1258584e+00
   2.1187888e+00
   2.5439409e+00
   2.9871174e+00
   3.2539788e+00
   4.3499400e+00
   7.8674356e+00
   8.0244199e+00
   8.1268978e+00
   8.2800625e+00
   8.2908770e+00
   8.0347565e+00
   8.4374955e+00
   8.6235196e+00
   8.5878269e+00
   8.5684286e+00
   8.1792232e+00
   8.3403564e+00
   8.7335349e+00
   8.8479103e+00
   8.5064528e+00
   9.0680038e+00
   4.5036495e+00
   4.1256377e+00
   3.7524449e+00
   3.7300481e+00
   4.3588220e+00
   4.0688148e+00
   3.3426105e+00
   3.8684323e+00
   3.7943787e+00
   4.3199265e+00
   4.1345971e+00
   4.8074523e+00
   4.4533636e+00
   3.0356595e+00
   3.5542021e+00
   8.4307706e+00
   8.6451921e+00
   8.0260985e+00
   8.0452499e+00
   8.2004525e+00
   7.7261293e+00
   7.4000063e+00
   7.2485864e+00
   7.3348162e+00
   7.6159896e+00
   7.2398324e+00
   7.2966066e+00
   7.5514340e+00
   7.1411297e+00
   7.0343551e+00
   7.3459187e+00
   7.4994474e+00
   7.3245710e+00
   7.9648331e+00
   3.2724611e+00
   2.2193262e+00
   2.0087938e+00
   2.3077140e+00
   2.2570879e+00
   2.3171183e+00
   2.3515419e+00
   2.8572983e+00
   2.2801126e+00
   3.2985455e+00
   3.1230698e+00
   3.3891426e+00
   8.5526424e+00
   8.7135396e+00
   8.5865699e+00
   8.8121095e+00
   8.3634162e+00
   8.2451057e+00
   8.4528222e+00
   8.7399525e+00
   8.6628932e+00
   8.3238566e+00
   8.5464265e+00
   8.7091143e+00
   9.2462350e+00
   8.6412516e+00
   8.0719702e+00
   3.5456903e+00
   3.8991046e+00
   4.6712663e+00
   4.6099852e+00
   3.9030131e+00
   3.8397941e+00
   2.7975754e+00
   4.5141809e+00
   4.1675140e+00
   4.2439221e+00
   4.4196650e+00
   3.3926198e+00
   3.7272401e+00
   3.8635875e+00
   3.8331385e+00
   9.1479005e+00
   8.6385312e+00
   8.3448650e+00
   7.6334650e+00
   7.5789361e+00
   7.2213464e+00
   7.4404618e+00
   7.0524547e+00
   6.5959371e+00
   7.0584497e+00
   7.0156336e+00
   6.7693809e+00
   7.3639217e+00
   7.0250698e+00
   7.3285375e+00
   7.5880800e+00
   8.2803342e+00
   8.0533060e+00
   2.7982704e+00
   2.0236459e+00
   1.7944731e+00
   3.2729344e+00
   2.3931545e+00
   1.7148523e+00
   2.5618476e+00
   3.2323105e+00
   3.0220067e+00
   2.9332924e+00
   3.2107161e+00
   3.7162844e+00
   4.3777114e+00
   4.0371263e+00
   3.3845495e+00
   3.7459551e+00
   3.3485084e+00
   8.7078163e+00
   8.3422424e+00
   8.4623121e+00
   8.3126249e+00
   8.7232052e+00
   8.3120019e+00
   9.1459143e+00
   9.5500347e+00
   8.3933627e+00
   8.6140653e+00
   7.7602330e+00
   8.7474447e+00
   4.3517524e+00
   4.3336963e+00
   4.2036178e+00
   3.6111547e+00
   3.6950593e+00
   3.8655495e+00
   4.1835086e+00
   3.6218261e+00
   4.0819146e+00
   3.4975553e+00
   3.4636274e+00
   3.6686451e+00
   3.8022540e+00
   3.8619838e+00
   3.3625891e+00
   3.6774163e+00
   3.0977655e+00
   3.2392538e+00
   7.1936898e+00
   6.7195012e+00
   6.8155838e+00
   7.0098198e+00
   6.6027109e+00
   7.1348026e+00
   7.1927963e+00
   7.4207683e+00
   7.0688881e+00
   7.2976631e+00
   7.6946421e+00
   8.1919382e+00
   8.1277907e+00
   7.6505612e+00
   1.8266685e+00
   2.4958308e+00
   3.2134769e+00
   2.4203453e+00
   2.6323355e+00
   2.4569611e+00
   2.7226414e+00
   2.5548459e+00
   2.6595495e+00
   3.0916277e+00
   3.5663527e+00
   3.9266382e+00
   4.4830421e+00
   4.2690565e+00
   3.0408412e+00
   3.7326286e+00
   3.4531295e+00
   8.6514684e+00
   8.2560355e+00
   8.4135343e+00
   8.2417188e+00
   8.8024500e+00
   9.0075046e+00
   8.9033744e+00
   8.8516715e+00
   8.4109733e+00
   8.1682288e+00
   8.4204349e+00
   8.7120544e+00
   4.2648903e+00
   3.7906704e+00
   4.0191302e+00
   4.2222925e+00
   4.0453899e+00
   4.1465544e+00
   3.8087463e+00
   4.0545468e+00
   4.0213464e+00
   3.4658264e+00
   4.0602162e+00
   3.5865890e+00
   3.2913470e+00
   3.9912041e+00
   3.3672252e+00
   3.8663535e+00
   2.4437307e+00
   2.3607040e+00
   9.9881516e-01
   7.3379677e+00
   6.8191458e+00
   7.4050595e+00
   7.0233432e+00
   7.2080403e+00
   7.4358373e+00
   7.3062239e+00
   7.7365671e+00
   7.7822913e+00
   3.2816352e+00
   8.1564091e+00
   7.6659266e+00
   1.6852426e+00
   1.9267249e+00
   2.3678561e+00
   2.9760783e+00
   2.6545999e+00
   2.2136568e+00
   2.3517670e+00
   2.0413070e+00
   3.0060446e+00
   3.5018495e+00
   3.1310138e+00
   4.5744054e+00
   3.7689136e+00
   3.5624777e+00
   3.3528292e+00
   3.9733884e+00
   3.0394185e+00
   3.0535189e+00
   7.9495547e+00
   8.3757424e+00
   8.6419476e+00
   8.3455532e+00
   9.0121533e+00
   8.7800277e+00
   8.6760604e+00
   8.2628823e+00
   8.3042954e+00
   8.5890880e+00
   8.3361979e+00
   9.3686520e+00
   4.7438433e+00
   3.9172167e+00
   4.5284575e+00
   4.9346617e+00
   4.6155945e+00
   3.9800800e+00
   3.8656191e+00
   3.7554952e+00
   3.5756746e+00
   3.7634212e+00
   4.3449577e+00
   3.4001893e+00
   3.8547965e+00
   3.7140948e+00
   2.4583028e+00
   1.7189584e+00
   2.8507587e+00
   2.7413693e+00
   2.9779175e+00
   7.3508330e+00
   7.2204167e+00
   7.4572815e+00
   7.0879718e+00
   7.1638478e+00
   7.3197050e+00
   7.2370553e+00
   7.6269906e+00
   2.8316339e+00
   3.1211905e+00
   7.7685704e+00
   1.6607181e+00
   2.1519119e+00
   2.2174536e+00
   2.2189397e+00
   2.0074881e+00
   2.4110861e+00
   2.8673452e+00
   2.5851660e+00
   3.4457954e+00
   3.1006582e+00
   3.3592553e+00
   3.3428888e+00
   3.9822791e+00
   2.6668922e+00
   3.8362026e+00
   2.9109000e+00
   2.9878973e+00
   3.1919134e+00
   2.8828922e+00
   4.2045885e+00
   8.6965810e+00
   8.7201685e+00
   8.6128144e+00
   8.6335456e+00
   8.3854352e+00
   8.2761962e+00
   7.8981066e+00
   8.4800574e+00
   8.8696263e+00
   8.6315545e+00
   8.9129012e+00
   8.8695055e+00
   8.9952430e+00
   9.0803801e+00
   8.8844235e+00
   8.4444751e+00
   9.0363687e+00
   8.4686446e+00
   8.7267008e+00
   8.7703198e+00
   8.0367434e+00
   4.3531097e+00
   4.0467385e+00
   3.7419058e+00
   2.8946073e+00
   2.9519327e+00
   3.3902008e+00
   2.3975294e+00
   2.8883503e+00
   2.6209056e+00
   7.4577404e+00
   7.1794118e+00
   6.9314504e+00
   7.5364448e+00
   7.3814599e+00
   6.9944731e+00
   7.7777977e+00
   7.9311381e+00
   7.8079743e+00
   7.9183663e+00
   7.4800196e+00
   7.2789356e+00
   2.2805043e+00
   2.4838847e+00
   3.0031403e+00
   3.0317125e+00
   2.2250730e+00
   2.6402658e+00
   3.2372137e+00
   2.7757250e+00
   3.8871628e+00
   3.6064843e+00
   3.5224251e+00
   3.4689557e+00
   2.7020503e+00
   3.1007068e+00
   2.9444946e+00
   3.7345639e+00
   3.8832827e+00
   4.3573703e+00
   4.1109316e+00
   3.1310046e+00
   3.2748774e+00
   8.1832578e+00
   8.0450375e+00
   7.8994607e+00
   8.0803209e+00
   7.9048212e+00
   8.4524539e+00
   8.8857336e+00
   8.5368841e+00
   9.1225079e+00
   9.1190003e+00
   9.4184773e+00
   8.9586815e+00
   8.5259772e+00
   8.9782844e+00
   8.4975611e+00
   8.5396841e+00
   8.6540155e+00
   8.4512718e+00
   7.9392793e+00
   3.5438400e+00
   3.0566700e+00
   2.9229019e+00
   3.5644285e+00
   2.9465906e+00
   3.1569503e+00
   2.6751464e+00
   2.8691190e+00
   3.0521241e+00
   6.8821806e+00
   7.2078894e+00
   7.6461299e+00
   7.6599207e+00
   7.8919105e+00
   7.6409970e+00
   7.4282183e+00
   7.5159973e+00
   7.7352153e+00
   7.8590016e+00
   7.4199171e+00
   7.1106295e+00
   2.6443735e+00
   2.4393567e+00
   2.8780629e+00
   2.8054559e+00
   2.5569075e+00
   3.4537377e+00
   3.7792465e+00
   3.7858694e+00
   4.1479030e+00
   3.9878884e+00
   3.9910752e+00
   4.0632313e+00
   3.4572570e+00
   3.4126354e+00
   3.3104753e+00
   3.0988661e+00
   3.6196142e+00
   2.8810583e+00
   3.3665182e+00
   4.0904444e+00
   3.2189866e+00
   2.5594931e+00
   7.6882372e+00
   7.3751631e+00
   7.6424423e+00
   7.9175706e+00
   8.2229539e+00
   8.7060051e+00
   8.8121035e+00
   8.5262483e+00
   8.5455445e+00
   8.4958683e+00
   8.4288157e+00
   8.4828792e+00
   8.7429047e+00
   9.3607252e+00
   8.8706224e+00
   8.4816337e+00
   8.6718887e+00
   7.8377191e+00
   3.0246343e+00
   2.7841304e+00
   1.6601598e+00
   1.9129637e+00
   2.5172328e+00
   2.1489226e+00
   2.3866630e+00
   2.3118990e+00
   2.0841453e+00
   7.5741600e+00
   7.6935246e+00
   7.5350846e+00
   7.6733487e+00
   7.7535226e+00
   7.9756579e+00
   7.9002540e+00
   8.2910961e+00
   7.4624699e+00
   7.9037453e+00
   7.8515661e+00
   7.2924590e+00
   7.9079551e+00
   2.6562157e+00
   3.4538124e+00
   2.4625523e+00
   1.8391583e+00
   4.1573176e+00
   3.6471803e+00
   4.2611107e+00
   4.1767568e+00
   4.0377705e+00
   4.4436913e+00
   3.3628434e+00
   4.1933355e+00
   3.7403802e+00
   3.5557895e+00
   2.3121069e+00
   2.5630021e+00
   3.8799214e+00
   3.4083996e+00
   2.4037941e+00
   2.8745110e+00
   2.3617769e+00
   7.5836191e+00
   7.9460356e+00
   7.7931064e+00
   7.8013713e+00
   7.7529980e+00
   8.3092254e+00
   8.3899438e+00
   8.4739761e+00
   8.4289250e+00
   8.8486046e+00
   8.8174283e+00
   8.8602987e+00
   9.1664892e+00
   8.3025729e+00
   8.6501492e+00
   8.3879050e+00
   7.8570045e+00
   3.0398358e+00
   1.6752524e+00
   1.9669433e+00
   1.9653713e+00
   2.1282378e+00
   1.3780124e+00
   1.5452856e+00
   2.0226580e+00
   2.2928567e+00
   2.0184919e+00
   7.0873439e+00
   7.7516263e+00
   7.9074516e+00
   7.5163203e+00
   8.0728150e+00
   8.5864944e+00
   8.0709046e+00
   7.5148442e+00
   7.6134533e+00
   7.7825816e+00
   8.0326290e+00
   7.9086886e+00
   7.9215962e+00
   3.2827253e+00
   2.9122821e+00
   3.1235512e+00
   3.5745269e+00
   4.0711169e+00
   3.9191597e+00
   3.9944941e+00
   3.5495944e+00
   4.0578110e+00
   4.0316974e+00
   4.0333295e+00
   3.7930464e+00
   3.7646925e+00
   3.6515535e+00
   3.2909553e+00
   3.2914278e+00
   3.3935913e+00
   3.1489456e+00
   2.1373862e+00
   1.9421697e+00
   2.3320228e+00
   8.4686621e+00
   7.9761040e+00
   7.5307607e+00
   7.8823536e+00
   8.2220223e+00
   4.0667876e+00
   4.0182454e+00
   3.5461198e+00
   3.3243756e+00
   4.6733365e+00
   9.2653851e+00
   8.9196448e+00
   8.4664452e+00
   8.7218408e+00
   8.2207672e+00
   7.9312806e+00
   7.6587332e+00
   7.6551845e+00
   2.4895868e+00
   1.4828019e+00
   1.0994986e+00
   1.6932116e-01
   5.6354234e-01
   1.4408913e+00
   2.9749908e+00
   2.7785091e+00
   3.1693110e+00
   7.7935918e+00
   7.9006742e+00
   7.6993499e+00
   8.1713313e+00
   8.0242301e+00
   7.9562807e+00
   3.1130913e+00
   7.4964765e+00
   7.6398548e+00
   7.9196752e+00
   7.9409407e+00
   8.0481670e+00
   3.0222623e+00
   3.5357010e+00
   3.3520629e+00
   3.9503543e+00
   3.5582884e+00
   3.1971757e+00
   2.8323641e+00
   3.7963965e+00
   3.4287915e+00
   3.5004355e+00
   3.8966127e+00
   3.4003302e+00
   4.1536411e+00
   3.5427198e+00
   3.3468084e+00
   3.8071727e+00
   2.7787685e+00
   2.5438911e+00
   1.4925859e+00
   2.9958938e+00
   2.6311243e+00
   2.6621729e+00
   8.0749764e+00
   7.9735865e+00
   7.7451490e+00
   7.8218080e+00
   8.6516018e+00
   4.3901498e+00
   3.6148226e+00
   3.9767385e+00
   4.1588553e+00
   3.4402737e+00
   8.7109738e+00
   8.8186116e+00
   8.3659814e+00
   8.2179200e+00
   7.5935945e+00
   7.3076124e+00
   7.7646740e+00
   7.8828233e+00
   1.6560366e+00
   9.3737943e-01
   6.5647762e-01
   4.4539539e-01
   1.4109293e+00
   2.5009934e+00
   3.5081253e+00
   3.0434581e+00
   3.7105823e+00
   3.7210630e+00
   7.8013110e+00
   8.2550291e+00
   8.6653836e+00
   7.8489876e+00
   1.8774612e+00
   2.1930236e+00
   8.0242501e+00
   7.7521093e+00
   7.7879602e+00
   8.2012204e+00
   8.2625189e+00
   7.6663033e+00
   3.2041224e+00
   3.2872573e+00
   3.3836089e+00
   3.2787197e+00
   2.6067020e+00
   2.8781918e+00
   3.1292237e+00
   3.9948892e+00
   4.0487743e+00
   4.1070919e+00
   3.9279172e+00
   4.3272537e+00
   3.8731199e+00
   3.4533623e+00
   2.3037411e+00
   3.0265329e+00
   3.3530379e+00
   3.1386502e+00
   2.4308199e+00
   1.6794357e+00
   7.1957546e+00
   7.5701006e+00
   7.6841041e+00
   8.0820766e+00
   8.6066087e+00
   8.5171139e+00
   4.3882428e+00
   4.0922741e+00
   3.7219727e+00
   3.3586197e+00
   8.7898804e+00
   8.7488453e+00
   8.7706881e+00
   8.2471559e+00
   8.0331464e+00
   8.2724025e+00
   7.9639559e+00
   7.4295706e+00
   7.1379722e+00
   6.3333778e+00
   6.6867734e+00
   1.2430376e+00
   1.4229038e+00
   1.6823649e+00
   3.1654935e+00
   2.7801205e+00
   2.9106122e+00
   2.3399196e+00
   2.9238975e+00
   3.1493167e+00
   8.2804247e+00
   8.6255722e+00
   2.2961596e+00
   2.1808344e+00
   2.4782127e+00
   7.9790393e+00
   8.0122450e+00
   8.1365532e+00
   8.1605174e+00
   8.2188685e+00
   8.2176477e+00
   8.3108319e+00
   2.2154264e+00
   2.7061743e+00
   2.4797306e+00
   2.5752661e+00
   3.4009779e+00
   3.7238702e+00
   4.4405731e+00
   3.4018472e+00
   3.7205253e+00
   4.0546757e+00
   4.6647207e+00
   3.0166610e+00
   2.8197935e+00
   2.2085286e+00
   2.4762095e+00
   2.4454513e+00
   2.2586650e+00
   1.8851406e+00
   1.7090197e+00
   7.6845913e+00
   7.8058811e+00
   8.6494658e+00
   8.4744844e+00
   8.3916777e+00
   9.3825558e+00
   4.8379640e+00
   3.3552782e+00
   3.7219641e+00
   4.3693963e+00
   8.4331106e+00
   8.4571883e+00
   8.6047951e+00
   8.3298836e+00
   7.9468560e+00
   7.9094765e+00
   7.4720577e+00
   6.9842581e+00
   6.8584422e+00
   6.5890064e+00
   6.7778209e+00
   6.5912100e+00
   7.0919745e+00
   2.2482402e+00
   3.0470599e+00
   2.9722000e+00
   2.6282990e+00
   3.0911713e+00
   2.9098537e+00
   4.6109215e+00
   4.1870133e+00
   2.8011076e+00
   2.2475032e+00
   3.0213804e+00
   2.4572419e+00
   7.4922359e+00
   8.3587627e+00
   8.2886450e+00
   8.4423977e+00
   8.6022818e+00
   8.4081877e+00
   7.8880823e+00
   7.9838178e+00
   7.9165751e+00
   7.8710591e+00
   2.9706538e+00
   4.1357653e+00
   3.7392540e+00
   3.9088732e+00
   3.7374141e+00
   3.5861664e+00
   4.0954524e+00
   2.8906885e+00
   3.0913299e+00
   2.6732583e+00
   2.4532605e+00
   1.9380379e+00
   2.7680344e+00
   2.1210995e+00
   2.0052289e+00
   7.6669674e+00
   8.2537202e+00
   8.2009958e+00
   8.4713825e+00
   8.3681753e+00
   8.8343205e+00
   9.2852537e+00
   9.1560387e+00
   4.2870611e+00
   3.9418227e+00
   3.7186355e+00
   4.1132681e+00
   4.6418627e+00
   8.5868343e+00
   8.1014476e+00
   8.1828799e+00
   8.5602880e+00
   7.6060656e+00
   7.2912878e+00
   6.6696820e+00
   6.9368658e+00
   6.9991218e+00
   6.9532147e+00
   7.8777997e+00
   7.3618932e+00
   7.7152007e+00
   3.5016218e+00
   3.9704077e+00
   5.1646935e+00
   3.6040070e+00
   4.5484722e+00
   2.9649457e+00
   3.5093356e+00
   3.2045768e+00
   3.6451986e+00
   2.8146051e+00
   7.7097249e+00
   8.5429225e+00
   8.6074292e+00
   8.7878640e+00
   8.7097784e+00
   7.9349796e+00
   7.9349047e+00
   8.1009075e+00
   8.1146748e+00
   3.2531662e+00
   3.5888353e+00
   3.1995783e+00
   4.3263346e+00
   3.7442826e+00
   3.4071360e+00
   3.5072105e+00
   3.7938616e+00
   3.0864677e+00
   3.1390051e+00
   1.9661014e+00
   2.5885479e+00
   2.8807800e+00
   1.9572022e+00
   2.6543594e+00
   2.6100032e+00
   7.7025068e+00
   8.4135838e+00
   8.6092325e+00
   8.6660899e+00
   8.4990759e+00
   9.5466358e+00
   9.3979206e+00
   9.7019195e+00
   5.0409287e+00
   4.7790967e+00
   3.5816145e+00
   4.1712678e+00
   8.7050271e+00
   8.3022837e+00
   7.9771261e+00
   8.2328066e+00
   7.8186022e+00
   7.4812409e+00
   7.0065174e+00
   6.7593047e+00
   6.6619845e+00
   6.5587478e+00
   7.3144224e+00
   7.4428465e+00
   7.6985651e+00
   8.1113895e+00
   8.3668001e+00
   8.5924278e+00
   3.2428865e+00
   3.5143453e+00
   3.1300649e+00
   3.2350756e+00
   3.0189741e+00
   3.8011949e+00
   3.3276321e+00
   3.4728195e+00
   8.6232437e+00
   8.4354169e+00
   8.2150083e+00
   8.0060065e+00
   7.9938450e+00
   8.1725774e+00
   8.0581073e+00
   7.8954707e+00
   8.3464497e+00
   3.8914956e+00
   3.2489768e+00
   3.2512051e+00
   3.6124733e+00
   3.1127948e+00
   3.5055208e+00
   3.1855710e+00
   3.6917977e+00
   2.7077497e+00
   1.9991987e+00
   2.5296729e+00
   2.0111818e+00
   3.2808604e+00
   2.2747249e+00
   2.7964355e+00
   2.4619390e+00
   3.5475431e+00
   8.6877123e+00
   8.7735557e+00
   8.4429924e+00
   9.3985665e+00
   9.3298990e+00
   9.3039812e+00
   9.1855789e+00
   5.2507482e+00
   4.1807254e+00
   3.2996811e+00
   3.1165321e+00
   8.4275733e+00
   8.6924878e+00
   7.7403892e+00
   7.8456466e+00
   6.9470024e+00
   7.0385510e+00
   6.8647933e+00
   7.3304815e+00
   7.7911926e+00
   7.8419669e+00
   7.7383438e+00
   7.9381020e+00
   8.2242905e+00
   8.1976959e+00
   8.3911760e+00
   7.9104116e+00
   7.7620031e+00
   2.1365615e+00
   3.1806766e+00
   3.0544424e+00
   3.0913701e+00
   4.0389989e+00
   3.6285280e+00
   3.2030203e+00
   2.1090993e+00
   7.4350645e+00
   7.6628675e+00
   7.5259364e+00
   7.2619589e+00
   8.2048216e+00
   8.2250409e+00
   8.6829368e+00
   4.2003020e+00
   2.9585745e+00
   2.8748305e+00
   3.1999898e+00
   3.3399287e+00
   3.2709174e+00
   3.2017773e+00
   3.5291528e+00
   2.5797415e+00
   1.6245628e+00
   2.2156755e+00
   2.5917812e+00
   2.5501961e+00
   2.4766038e+00
   2.1958927e+00
   3.1542747e+00
   3.6879073e+00
   3.8846872e+00
   8.4693026e+00
   8.6778475e+00
   8.8297322e+00
   8.8739610e+00
   8.9935224e+00
   9.0068043e+00
   9.0920622e+00
   8.9833255e+00
   4.3689754e+00
   3.3512185e+00
   8.7954769e+00
   8.2300694e+00
   7.8263890e+00
   2.3823672e+00
   2.1849834e+00
   7.4299570e+00
   6.7637904e+00
   7.1463337e+00
   7.3450614e+00
   7.8491410e+00
   8.0245405e+00
   7.8993786e+00
   8.2924147e+00
   8.4473247e+00
   8.5504672e+00
   8.3004557e+00
   8.5234669e+00
   2.0022654e+00
   2.7408934e+00
   3.1429354e+00
   2.6459936e+00
   3.3839662e+00
   3.9636989e+00
   3.5579027e+00
   3.3264939e+00
   2.4137885e+00
   6.9584852e+00
   7.3617846e+00
   7.8030950e+00
   7.8663441e+00
   8.4154294e+00
   8.2857435e+00
   8.0193700e+00
   3.0481720e+00
   3.1298741e+00
   2.7749571e+00
   3.2589988e+00
   3.8522539e+00
   3.3975891e+00
   2.9079364e+00
   2.3553353e+00
   1.9097252e+00
   2.7796653e+00
   2.4047364e+00
   2.1410627e+00
   2.5721951e+00
   2.4901090e+00
   2.7134475e+00
   3.3184210e+00
   3.5260269e+00
   4.1919697e+00
   3.7179474e+00
   8.4560678e+00
   8.5891092e+00
   8.9348526e+00
   9.0899310e+00
   8.4015932e+00
   8.6999619e+00
   3.0745781e+00
   4.1215746e+00
   8.2636629e+00
   9.0574628e+00
   8.2215152e+00
   7.9929231e+00
   2.7299652e+00
   3.1022413e+00
   2.0508590e+00
   2.3382772e+00
   2.1234532e+00
   3.4166572e+00
   7.7390526e+00
   8.1790143e+00
   7.8772539e+00
   8.0198397e+00
   8.2049213e+00
   8.2942138e+00
   8.8935458e+00
   2.0256560e+00
   2.1722616e+00
   2.4056684e+00
   2.7389993e+00
   2.7051822e+00
   3.5274365e+00
   3.5485765e+00
   3.3944778e+00
   2.0822469e+00
   1.4473080e+00
   7.2018582e+00
   7.2680625e+00
   7.6512670e+00
   8.3563188e+00
   7.7751015e+00
   8.3031392e+00
   4.0832546e+00
   3.9662673e+00
   3.2168605e+00
   2.7383594e+00
   2.7553487e+00
   2.7112124e+00
   2.7522451e+00
   2.4794806e+00
   2.8279772e+00
   2.2318161e+00
   2.3457686e+00
   3.3984284e+00
   2.4818377e+00
   2.8563749e+00
   1.7851186e+00
   2.4155495e+00
   2.7632017e+00
   2.5517406e+00
   3.4036391e+00
   8.3861488e+00
   8.5599554e+00
   8.9474160e+00
   8.5188526e+00
   8.8880942e+00
   8.4019350e+00
   8.7592898e+00
   3.7159683e+00
   3.6365734e+00
   8.8349001e+00
   8.2885364e+00
   8.1145926e+00
   3.0057070e+00
   3.1278242e+00
   3.0271947e+00
   3.4517474e+00
   2.5133330e+00
   2.3917921e+00
   2.5930259e+00
   7.5964054e+00
   8.0551909e+00
   7.9531637e+00
   8.1698111e+00
   8.4807758e+00
   8.3644757e+00
   2.0144374e+00
   2.0275973e+00
   2.5954466e+00
   2.0074108e+00
   1.8292798e+00
   2.1960044e+00
   2.3856597e+00
   2.5238901e+00
   1.3341261e+00
   1.6023318e+00
   1.7021993e+00
   7.6229016e+00
   7.6208816e+00
   8.0157037e+00
   7.9678028e+00
   8.4477491e+00
   8.7648621e+00
   4.4192871e+00
   3.2083324e+00
   2.4811436e+00
   3.5504285e+00
   3.4868470e+00
   2.6201823e+00
   2.0116628e+00
   3.2468500e+00
   3.1879719e+00
   2.7022719e+00
   2.5066826e+00
   2.5815161e+00
   2.7937512e+00
   1.4814876e+00
   2.3755879e+00
   3.4310463e+00
   2.8663548e+00
   3.8413678e+00
   3.7617496e+00
   8.4277610e+00
   9.1782678e+00
   8.8742870e+00
   8.3134611e+00
   8.3664692e+00
   8.3447032e+00
   4.3893681e+00
   3.2936517e+00
   8.8378100e+00
   8.4789634e+00
   8.2296661e+00
   4.0441873e+00
   4.2028619e+00
   4.0444535e+00
   3.1706619e+00
   2.8746218e+00
   2.1023561e+00
   2.7567738e+00
   2.5778336e+00
   2.4627473e+00
   7.7735735e+00
   7.8785387e+00
   8.4305364e+00
   8.6384793e+00
   2.8395196e+00
   2.6224080e+00
   2.7496827e+00
   2.0035109e+00
   1.7139762e+00
   2.0131747e+00
   1.8912911e+00
   2.4559741e+00
   1.6858868e+00
   2.0415732e+00
   2.1334520e+00
   2.4413882e+00
   8.1931438e+00
   7.9534819e+00
   8.4270668e+00
   8.0011277e+00
   8.7051177e+00
   8.7271536e+00
   3.7944947e+00
   3.4952678e+00
   2.1800184e+00
   2.2800353e+00
   2.0505412e+00
   2.7418598e+00
   2.4773494e+00
   2.4720743e+00
   1.6140057e+00
   2.2917391e+00
   2.5135632e+00
   2.1310124e+00
   1.8678833e+00
   1.8545860e+00
   3.7349994e+00
   4.2504505e+00
   3.9916250e+00
   4.7119486e+00
   8.6228827e+00
   8.7762182e+00
   8.6655436e+00
   8.8523236e+00
   8.3484644e+00
   8.3230651e+00
   7.8544706e+00
   3.6858680e+00
   9.1442420e+00
   8.4531156e+00
   8.0728394e+00
   4.1046695e+00
   3.9927245e+00
   3.5535338e+00
   3.1188632e+00
   2.9504681e+00
   2.0757271e+00
   2.5457800e+00
   2.9091983e+00
   2.8953314e+00
   3.2079355e+00
   8.0834319e+00
   8.0850267e+00
   8.0617266e+00
   1.8025477e+00
   1.5708581e+00
   1.7285792e+00
   2.3066626e+00
   2.5361317e+00
   2.1050448e+00
   1.9970169e+00
   1.8748584e+00
   1.6313317e+00
   1.5271435e+00
   1.2374112e+00
   2.6412150e+00
   3.0366502e+00
   8.0093462e+00
   8.3888257e+00
   8.1266111e+00
   8.2310003e+00
   8.0156494e+00
   8.1411385e+00
   2.4912781e+00
   2.5896294e+00
   3.0041909e+00
   2.3495009e+00
   2.5251485e+00
   2.2769033e+00
   2.5506342e+00
   2.7269458e+00
   2.5859434e+00
   1.6317011e+00
   1.7424520e+00
   1.8593534e+00
   1.5716999e+00
   3.3230897e+00
   3.3145126e+00
   4.0585669e+00
   4.0944646e+00
   3.9647641e+00
   8.4325938e+00
   8.4441521e+00
   8.2216776e+00
   8.2107731e+00
   8.1149166e+00
   7.9077510e+00
   7.6930120e+00
   8.7068141e+00
   8.2005479e+00
   7.6770315e+00
   2.3347175e+00
   2.8820899e+00
   3.3434283e+00
   2.2393152e+00
   2.7137000e+00
   3.2869112e+00
   2.2502821e+00
   3.9672208e+00
   3.0148605e+00
   3.0578888e+00
   3.6889364e+00
   3.1733688e+00
   8.1570061e+00
   1.6430828e+00
   1.5436621e+00
   1.9174047e+00
   2.0837674e+00
   2.8510654e+00
   1.7711598e+00
   2.4860760e+00
   1.5171447e+00
   1.9985803e+00
   2.6018805e+00
   1.4931614e+00
   2.6580892e+00
   3.0124227e+00
   8.1731298e+00
   8.8990578e+00
   8.0591446e+00
   8.1727863e+00
   7.8292217e+00
   7.9178036e+00
   2.7904019e+00
   2.6912114e+00
   3.1281875e+00
   1.4545837e+00
   2.1131108e+00
   1.8832766e+00
   1.6374478e+00
   1.7939491e+00
   2.0148240e+00
   2.8570389e+00
   1.5220325e+00
   1.5811832e+00
   1.8093081e+00
   2.4951694e+00
   2.8117824e+00
   2.9608543e+00
   3.4110935e+00
   3.3787847e+00
   8.0788798e+00
   7.8930051e+00
   8.0491568e+00
   7.9797270e+00
   7.3419703e+00
   7.7319232e+00
   7.8361416e+00
   8.3501011e+00
   7.9557030e+00
   7.6602141e+00
   1.5492542e+00
   1.8707695e+00
   2.4567446e+00
   2.8201800e+00
   2.3700749e+00
   2.1807829e+00
   2.6691617e+00
   2.7192432e+00
   3.4619454e+00
   3.9602509e+00
   3.3768408e+00
   3.8798922e+00
   4.1504370e+00
   2.1182734e+00
   1.4192530e+00
   2.0072476e+00
   1.5451997e+00
   1.9528127e+00
   1.8112322e+00
   2.3192117e+00
   1.9166058e+00
   1.5489621e+00
   2.2484206e+00
   2.8096787e+00
   2.4913477e+00
   1.8416580e+00
   8.2461628e+00
   8.6177619e+00
   8.3468126e+00
   7.9024896e+00
   8.0029287e+00
   7.7373646e+00
   7.9597576e+00
   3.0479174e+00
   2.1013855e+00
   1.8664230e+00
   2.0785532e+00
   2.1418873e+00
   2.4268831e+00
   2.3309371e+00
   1.3052894e+00
   1.6249579e+00
   1.4596089e+00
   1.1997011e+00
   1.7642792e+00
   1.6554353e+00
   2.7034882e+00
   3.5922893e+00
   3.5154122e+00
   3.4811656e+00
   3.5628892e+00
   8.1084589e+00
   7.8200137e+00
   7.3399177e+00
   7.4343219e+00
   7.5571700e+00
   7.8638271e+00
   7.6912292e+00
   7.8604958e+00
   7.3149235e+00
   7.3625332e+00
   7.6647282e+00
   7.8190290e+00
   7.4352336e+00
   7.7885368e+00
   7.9825916e+00
   2.9322762e+00
   3.5550834e+00
   3.0681551e+00
   3.9685608e+00
   3.7758260e+00
   4.1383423e+00
   3.1704090e+00
   5.7835151e-01
   1.1769461e+00
   2.2725912e+00
   1.4167276e+00
   1.9566267e+00
   1.7961052e+00
   1.8991595e+00
   1.4418018e+00
   9.4023990e-01
   2.5215502e+00
   2.2501627e+00
   2.9828644e+00
   3.2035434e+00
   3.5967896e+00
   8.2560741e+00
   7.7454690e+00
   8.4074971e+00
   7.7453373e+00
   7.3758875e+00
   7.7283624e+00
   7.0172818e+00
   1.6405574e+00
   1.3955360e+00
   1.8010445e+00
   1.9168292e+00
   1.6672208e+00
   1.1917467e+00
   1.6303524e+00
   2.2041563e+00
   1.6652880e+00
   1.7224115e+00
   1.6991670e+00
   1.9062549e+00
   1.8999240e+00
   3.4184766e+00
   2.9545131e+00
   3.0304271e+00
   3.2766573e+00
   3.2038690e+00
   7.5028047e+00
   7.8723475e+00
   7.8119679e+00
   7.3301253e+00
   7.5822728e+00
   7.2894585e+00
   7.5332523e+00
   7.3249393e+00
   7.3930695e+00
   7.4855962e+00
   7.5396711e+00
   8.3945520e+00
   8.5567767e+00
   8.3738087e+00
   8.6722570e+00
   8.0612292e+00
   8.4518206e+00
   8.5797297e+00
   8.4863391e+00
   4.0390333e+00
   3.4360466e+00
   7.0709408e+00
   7.1274855e+00
   7.2561933e+00
   1.9243970e+00
   1.5469349e+00
   3.2581553e+00
   2.7017299e+00
   2.0931906e+00
   2.0921941e+00
   2.3779218e+00
   3.3357015e+00
   2.6916151e+00
   4.0317232e+00
   3.6164427e+00
   8.2417079e+00
   8.1113071e+00
   7.5660942e+00
   7.9213499e+00
   7.2842725e+00
   7.2172048e+00
   7.4576015e+00
   7.0289699e+00
   1.6593781e+00
   1.4915293e+00
   4.7143170e-01
   9.6308932e-01
   1.4754918e+00
   1.5321257e+00
   2.2058571e+00
   1.3129775e+00
   1.7968697e+00
   8.2574370e-01
   1.9313033e+00
   2.6595710e+00
   1.9708345e+00
   2.3715729e+00
   2.2542498e+00
   1.6065409e+00
   2.2976869e+00
   2.6079021e+00
   7.1832152e+00
   7.2937872e+00
   7.4350223e+00
   7.6030735e+00
   7.3273784e+00
   7.6926492e+00
   7.2706465e+00
   7.3928522e+00
   8.6668108e+00
   8.2479160e+00
   8.4104571e+00
   8.4604816e+00
   8.7256322e+00
   8.5001493e+00
   8.3801707e+00
   8.4642054e+00
   8.3212141e+00
   8.4018625e+00
   8.5108310e+00
   8.3313856e+00
   6.7369790e+00
   6.9573079e+00
   7.4543957e+00
   7.7413624e+00
   7.5950935e+00
   7.5388047e+00
   2.8327429e+00
   2.5861127e+00
   2.1330826e+00
   2.7650477e+00
   3.4587508e+00
   3.4844023e+00
   2.9312136e+00
   2.6751455e+00
   2.9268138e+00
   7.9715453e+00
   7.8441349e+00
   7.5398691e+00
   7.6155652e+00
   7.7614302e+00
   7.4503448e+00
   7.1284213e+00
   6.2915216e+00
   1.7523048e+00
   1.4819515e+00
   1.1334807e+00
   1.2594789e+00
   1.7010224e+00
   2.7719772e+00
   1.7451493e+00
   8.3312252e-01
   1.2426339e+00
   2.6200535e+00
   2.9118964e+00
   3.0812444e+00
   2.1568941e+00
   2.2890823e+00
   1.7614875e+00
   1.6405574e+00
   2.2229341e+00
   2.1377727e+00
   7.8926694e+00
   7.0998048e+00
   7.3136919e+00
   7.1285964e+00
   7.8432100e+00
   7.5880776e+00
   7.5760509e+00
   8.2149256e+00
   8.1540262e+00
   7.9727274e+00
   8.7970466e+00
   8.4452020e+00
   8.2277613e+00
   8.4743987e+00
   8.5384097e+00
   8.4502715e+00
   8.6395056e+00
   8.2146436e+00
   8.2878988e+00
   7.4386204e+00
   7.0550508e+00
   6.7721037e+00
   7.3464500e+00
   7.7200914e+00
   7.8984700e+00
   7.9849099e+00
   7.8254412e+00
   2.8246958e+00
   2.2889921e+00
   2.8654623e+00
   3.0088801e+00
   2.5215373e+00
   2.6186671e+00
   3.5340482e+00
   8.1814763e+00
   7.8742082e+00
   7.6809913e+00
   7.8593022e+00
   7.7433149e+00
   7.1190636e+00
   7.6237903e+00
   7.2290861e+00
   1.4992861e+00
   6.6887300e-01
   1.5578098e+00
   2.1267088e+00
   1.8032091e+00
   1.6589829e+00
   1.0712976e+00
   2.1566793e+00
   2.0421144e+00
   2.1396368e+00
   2.3404711e+00
   2.9958371e+00
   2.5654082e+00
   2.1654497e+00
   1.9523145e+00
   1.8368820e+00
   2.1244496e+00
   1.7714004e+00
   2.4788991e+00
   6.8976057e+00
   7.4395140e+00
   7.3338322e+00
   7.8743428e+00
   7.5415553e+00
   8.1776553e+00
   7.7457738e+00
   8.2217603e+00
   8.3707707e+00
   8.3337142e+00
   8.1798734e+00
   8.3018128e+00
   8.3890569e+00
   8.3642578e+00
   8.8723128e+00
   8.7530835e+00
   8.8776135e+00
   8.1981191e+00
   7.5077426e+00
   7.2990577e+00
   7.2249506e+00
   7.5573541e+00
   7.8113261e+00
   8.3154111e+00
   8.4101498e+00
   7.3572929e+00
   8.0529128e+00
   8.2946672e+00
   2.9789912e+00
   2.6510729e+00
   2.6672427e+00
   2.9088830e+00
   2.8827024e+00
   2.3184197e+00
   8.0681692e+00
   7.6151275e+00
   7.6307826e+00
   7.6980217e+00
   8.2776482e+00
   7.7958533e+00
   7.1048761e+00
   1.7188295e+00
   1.8668267e+00
   2.0732875e+00
   1.8604272e+00
   2.0500602e+00
   2.1085495e+00
   1.3821184e+00
   2.0575764e+00
   1.0392054e+00
   2.1130163e+00
   1.9563690e+00
   2.0810787e+00
   1.8228373e+00
   1.8909389e+00
   1.5584455e+00
   1.8473790e+00
   2.3480647e+00
   2.3336421e+00
   2.1540078e+00
   7.5112834e+00
   7.2936664e+00
   7.2030415e+00
   7.5301582e+00
   7.8032278e+00
   8.0352710e+00
   7.9619727e+00
   8.0799576e+00
   8.2990007e+00
   8.5463631e+00
   3.8301423e+00
   4.3927010e+00
   4.5359565e+00
   8.9393744e+00
   8.9486235e+00
   8.5884577e+00
   8.9560976e+00
   8.7377549e+00
   2.2523127e+00
   2.4509549e+00
   7.5478606e+00
   7.4248978e+00
   7.4820662e+00
   7.8916032e+00
   8.3016317e+00
   7.8606998e+00
   8.4803345e+00
   8.2289102e+00
   8.0988027e+00
   2.6205543e+00
   3.0318079e+00
   2.3860591e+00
   2.7333351e+00
   3.0036875e+00
   2.3439904e+00
   7.8037711e+00
   8.0833693e+00
   8.4842804e+00
   8.2215720e+00
   7.8802436e+00
   7.6280647e+00
   7.3350939e+00
   2.6855858e+00
   1.6391572e+00
   4.5208700e-01
   1.2302471e+00
   1.3160441e+00
   2.2472747e+00
   1.5114238e+00
   1.3661926e+00
   2.4288880e+00
   2.6948037e+00
   2.0374758e+00
   2.2475522e+00
   1.2519369e+00
   2.0517180e+00
   2.3175753e+00
   2.9389910e+00
   2.7651731e+00
   3.0370756e+00
   3.2670554e+00
   7.4189632e+00
   7.7591119e+00
   7.8016629e+00
   7.7037402e+00
   8.0092737e+00
   8.3900567e+00
   7.9999626e+00
   8.3801701e+00
   8.9629921e+00
   8.9050528e+00
   4.7703263e+00
   4.6148558e+00
   4.9348593e+00
   4.3342804e+00
   3.9916422e+00
   3.7779202e+00
   8.8958218e+00
   1.9950412e+00
   3.0450374e+00
   2.4910857e+00
   7.8916365e+00
   8.0328133e+00
   8.1489911e+00
   8.3413060e+00
   8.6503237e+00
   8.9639037e+00
   9.0449838e+00
   8.6760786e+00
   8.2108408e+00
   8.1589713e+00
   3.1477461e+00
   2.8185505e+00
   2.8537025e+00
   2.1734213e+00
   3.2018753e+00
   8.1844574e+00
   8.4398627e+00
   8.3724811e+00
   7.8368395e+00
   7.3992818e+00
   7.4537558e+00
   2.0207253e+00
   2.0038030e+00
   1.3884836e+00
   6.8305510e-01
   5.6045853e-01
   1.1164295e+00
   1.7491608e+00
   2.7204793e+00
   2.4176291e+00
   2.4529358e+00
   3.0173035e+00
   2.3007595e+00
   1.9091239e+00
   2.2831998e+00
   2.7646508e+00
   2.8792750e+00
   3.1504219e+00
   3.1253562e+00
   2.0150988e+00
   2.3248665e+00
   7.8748427e+00
   7.6206491e+00
   8.0985472e+00
   7.3669041e+00
   8.0535041e+00
   7.6900133e+00
   7.8570588e+00
   8.0641974e+00
   8.5882338e+00
   9.0105716e+00
   9.5102433e+00
   4.4301191e+00
   3.7941880e+00
   4.6897177e+00
   3.7067675e+00
   4.0564538e+00
   8.3386126e-01
   2.0506786e+00
   2.8133458e+00
   2.8606742e+00
   8.4742610e+00
   7.7775194e+00
   8.5785917e+00
   8.7417154e+00
   8.8497940e+00
   8.5926663e+00
   9.1980639e+00
   8.8768649e+00
   9.1865509e+00
   8.3311417e+00
   3.3188926e+00
   2.1558805e+00
   3.4767864e+00
   3.9471984e+00
   4.2290356e+00
   8.6618476e+00
   8.3422925e+00
   7.5195834e+00
   7.4250367e+00
   7.5759102e+00
   2.4772283e+00
   2.5151248e+00
   1.1938427e+00
   1.3193598e+00
   9.7488340e-01
   9.4721499e-01
   1.3544500e+00
   2.2408270e+00
   2.2095422e+00
   2.2713061e+00
   2.0376991e+00
   2.0925034e+00
   2.7370004e+00
   2.6581339e+00
   2.7665552e+00
   3.8897235e+00
   3.5225849e+00
   3.0212837e+00
   1.6950524e+00
   1.9910812e+00
   7.6490610e+00
   7.6795423e+00
   8.0132236e+00
   7.6545053e+00
   8.3709368e+00
   8.0304038e+00
   8.0200096e+00
   8.1839008e+00
   8.7649165e+00
   8.9798903e+00
   8.7282523e+00
   8.7811928e+00
   3.8291897e+00
   4.5724813e+00
   4.8350949e+00
   4.5585139e+00
   1.8049873e+00
   2.2752386e+00
   2.0736140e+00
   2.7039186e+00
   2.7470361e+00
   4.0005328e+00
   9.0082653e+00
   9.1268064e+00
   8.6902842e+00
   8.9402136e+00
   9.4146739e+00
   8.7621273e+00
   8.6229551e+00
   8.3824196e+00
   8.3016516e+00
   2.8716582e+00
   2.4996122e+00
   2.9465880e+00
   4.2408039e+00
   8.5023384e+00
   8.3517474e+00
   8.1562255e+00
   7.7081335e+00
   7.3099307e+00
   7.6005856e+00
   2.7147231e+00
   1.2568933e+00
   1.8277594e+00
   1.0377193e+00
   1.4888063e+00
   1.4941063e+00
   1.4273534e+00
   1.4814876e+00
   1.9158155e+00
   1.4598752e+00
   2.1914689e+00
   2.4528679e+00
   3.6985366e+00
   3.6240543e+00
   3.5331394e+00
   4.2724667e+00
   3.2889728e+00
   3.1347948e+00
   2.5206731e+00
   2.3668502e+00
   7.4658381e+00
   7.4524457e+00
   7.8362919e+00
   8.1376218e+00
   8.3453256e+00
   8.5505433e+00
   8.1018491e+00
   8.8839587e+00
   8.5345078e+00
   9.3701855e+00
   8.9879440e+00
   4.0042609e+00
   4.3044730e+00
   4.4505719e+00
   4.2757309e+00
   1.6745137e+00
   2.9700842e+00
   3.2952907e+00
   4.0973938e+00
   3.6920356e+00
   4.3652559e+00
   5.3566286e+00
   4.7957098e+00
   9.2558825e+00
   9.2654153e+00
   9.8196214e+00
   8.9670069e+00
   8.7285180e+00
   8.3176352e+00
   7.6029824e+00
   8.0093080e+00
   3.0877140e+00
   3.0931040e+00
   3.6528205e+00
   3.9694456e+00
   8.8833308e+00
   8.0448294e+00
   7.7768161e+00
   7.6730252e+00
   7.8871918e+00
   7.1644273e+00
   1.9806873e+00
   1.6999315e+00
   1.3941788e+00
   1.5123086e+00
   1.5996260e+00
   2.3702827e+00
   2.2386709e+00
   2.3709021e+00
   2.5851600e+00
   2.1242950e+00
   2.6628755e+00
   3.9170062e+00
   3.3984601e+00
   3.9127009e+00
   3.8822416e+00
   3.8072491e+00
   3.3027992e+00
   2.6820501e+00
   2.2669621e+00
   8.2158112e+00
   7.7817974e+00
   8.1838332e+00
   8.2018399e+00
   8.1428766e+00
   7.7917130e+00
   8.1574058e+00
   8.4819651e+00
   8.3025234e+00
   8.5580578e+00
   8.5608790e+00
   8.6728305e+00
   3.8788872e+00
   4.3925550e+00
   4.3453701e+00
   2.2426911e+00
   3.3877450e+00
   3.7149950e+00
   3.9571679e+00
   3.7482873e+00
   4.7976081e+00
   5.1952138e+00
   4.0991977e+00
   4.7144569e+00
   4.4476599e+00
   9.1443506e+00
   9.5174276e+00
   9.0155342e+00
   8.4773569e+00
   7.8628853e+00
   8.2142518e+00
   2.9364363e+00
   3.4295577e+00
   3.3954390e+00
   3.6834250e+00
   4.1554193e+00
   8.1889304e+00
   8.0801127e+00
   7.9312594e+00
   8.1013285e+00
   7.2553722e+00
   7.1679350e+00
   6.9006545e+00
   1.1984984e+00
   7.7311273e-01
   1.6035688e+00
   1.9384416e+00
   1.9180404e+00
   2.3850077e+00
   3.2064151e+00
   3.1700111e+00
   3.7611379e+00
   3.6102150e+00
   4.2092442e+00
   4.6222088e+00
   4.3362733e+00
   3.4886440e+00
   3.5502378e+00
   2.9617622e+00
   2.4146312e+00
   2.4195490e+00
   8.6274601e+00
   8.5856794e+00
   8.0241132e+00
   8.2682585e+00
   8.5181795e+00
   8.7275339e+00
   8.3247996e+00
   9.0202311e+00
   8.9450132e+00
   8.7442329e+00
   8.8709363e+00
   8.7634675e+00
   3.7383736e+00
   4.9733253e+00
   2.6504398e+00
   3.7864793e+00
   3.6289420e+00
   3.5955149e+00
   4.2986662e+00
   5.7742661e+00
   5.2032712e+00
   4.2843553e+00
   4.7613841e+00
   4.1417354e+00
   9.6953751e+00
   9.8092676e+00
   9.5547559e+00
   8.3911995e+00
   8.3136748e+00
   8.1229319e+00
   8.4507249e+00
   3.1845608e+00
   3.4735540e+00
   3.2529875e+00
   4.3452326e+00
   4.4556056e+00
   8.8223909e+00
   8.3281141e+00
   8.1363262e+00
   7.7304169e+00
   7.3742696e+00
   6.5811459e+00
   6.6294015e+00
   7.1595432e+00
   7.2636855e+00
   2.5815101e+00
   1.6916765e+00
   2.9195363e+00
   3.3500099e+00
   3.3679459e+00
   2.9967072e+00
   3.5235762e+00
   4.4292343e+00
   5.1516625e+00
   4.3755811e+00
   4.4008701e+00
   4.2320851e+00
   4.1434448e+00
   3.4433773e+00
   2.4600440e+00
   2.9731741e+00
   9.2830561e+00
   8.7301480e+00
   8.3010558e+00
   8.9999400e+00
   8.8383775e+00
   8.5720093e+00
   9.6756092e+00
   9.4358223e+00
   8.6439345e+00
   8.5168670e+00
   9.0188003e+00
   8.6257268e+00
   8.7094343e+00
   3.8532787e+00
   3.4963776e+00
   3.4165954e+00
   4.2678109e+00
   4.1477226e+00
   4.1988847e+00
   4.8289445e+00
   4.4728544e+00
   5.4960788e+00
   4.1165409e+00
   4.6636212e+00
   9.1095520e+00
   8.9125570e+00
   8.5741253e+00
   8.4748418e+00
   8.5134131e+00
   8.6269819e+00
   8.3269839e+00
   3.1554689e+00
   4.2251100e+00
   4.1831478e+00
   3.8462589e+00
   3.7338887e+00
   8.1593830e+00
   7.8343703e+00
   7.2856973e+00
   7.1751676e+00
   6.9875665e+00
   6.5589289e+00
   6.9185791e+00
   7.1728493e+00
   7.8803752e+00
   7.0270259e+00
   1.8881300e+00
   2.1347319e+00
   2.8459887e+00
   3.0883693e+00
   3.3949451e+00
   4.2065642e+00
   5.3062826e+00
   4.2600369e+00
   4.8222786e+00
   4.5731427e+00
   4.6436323e+00
   4.7754459e+00
   3.8445503e+00
   3.8891342e+00
   3.9505038e+00
   3.8127055e+00
   8.7227343e+00
   9.1653180e+00
   9.1762997e+00
   8.6460397e+00
   8.7344767e+00
   8.9499456e+00
   8.9136377e+00
   8.8816585e+00
   8.6746538e+00
   8.7682068e+00
   8.6040320e+00
   4.1246756e+00
   3.6571508e+00
   3.8875201e+00
   4.6267701e+00
   4.2917427e+00
   5.4013396e+00
   4.3317034e+00
   4.7471676e+00
   4.2891828e+00
   3.8008951e+00
   3.6951315e+00
   3.8289406e+00
   8.7121329e+00
   8.7557338e+00
   8.1116719e+00
   8.8400317e+00
   8.1071971e+00
   8.3172965e+00
   8.5421509e+00
   3.8742666e+00
   3.5042418e+00
   4.2625023e+00
   3.8430986e+00
   3.7983456e+00
   7.6945074e+00
   7.4803317e+00
   7.2599847e+00
   7.0634727e+00
   6.8332126e+00
   7.0682663e+00
   7.2153816e+00
   7.4152745e+00
   6.9545549e+00
   8.0774236e+00
   8.4183073e+00
   2.9621419e+00
   3.5345800e+00
   3.4443892e+00
   4.3150473e+00
   4.8905434e+00
   5.1454433e+00
   4.5767075e+00
   4.9714613e+00
   5.4061414e+00
   4.9640911e+00
   4.7312847e+00
   4.1898909e+00
   4.0928496e+00
   3.5879016e+00
   2.6593485e+00
   3.5739531e+00
   9.2520066e+00
   9.5038016e+00
   9.0748741e+00
   9.1028386e+00
   8.7355815e+00
   9.0627333e+00
   8.4844416e+00
   8.5386258e+00
   8.3600788e+00
   4.2260892e+00
   3.9772711e+00
   4.2445663e+00
   4.6775800e+00
   5.1384768e+00
   4.5191115e+00
   4.8429462e+00
   4.3697141e+00
   4.0810556e+00
   3.5296373e+00
   3.1090602e+00
   3.4182867e+00
   7.8782525e+00
   7.9261773e+00
   8.2978850e+00
   8.8711175e+00
   8.5882633e+00
   8.6478557e+00
   8.7238572e+00
   8.5737975e+00
   3.6467319e+00
   4.3094295e+00
   3.7191337e+00
   4.0776711e+00
   2.8926402e+00
   7.5529144e+00
   7.2592421e+00
   7.2952542e+00
   7.3483155e+00
   7.6130434e+00
   7.4987272e+00
   8.0356709e+00
   7.4548727e+00
   7.7467561e+00
   8.2238474e+00
   8.2351092e+00
   3.2445581e+00
   3.2318819e+00
   3.8465011e+00
   3.7831378e+00
   4.2727330e+00
   4.1417697e+00
   4.7898600e+00
   5.2763808e+00
   5.2992302e+00
   4.8386856e+00
   4.9705593e+00
   4.9078867e+00
   3.3391607e+00
   3.8507051e+00
   4.1836804e+00
   3.5624906e+00
   5.0262999e+00
   8.9521492e+00
   9.3255703e+00
   9.2730585e+00
   8.8348035e+00
   8.6004881e+00
   8.6724985e+00
   8.0754185e+00
   3.5990411e+00
   4.2883754e+00
   4.5314983e+00
   4.3737515e+00
   4.9239500e+00
   4.2301867e+00
   4.3201154e+00
   4.4156793e+00
   3.6585810e+00
   3.2168485e+00
   3.2252023e+00
   2.9238202e+00
   2.5622058e+00
   8.3123454e+00
   8.2481539e+00
   8.7579133e+00
   8.9736659e+00
   8.6619484e+00
   8.6764830e+00
   8.8561572e+00
   8.7257408e+00
   3.9354893e+00
   3.8866113e+00
   4.1045836e+00
   4.1181816e+00
   2.4904569e+00
   2.6721751e+00
   7.6261490e+00
   7.9312510e+00
   7.7106172e+00
   7.8236083e+00
   7.4627477e+00
   8.2925964e+00
   7.6395076e+00
   7.8519006e+00
   8.2109760e+00
   8.2187224e+00
   3.8529686e+00
   3.6874091e+00
   3.4676793e+00
   3.9021558e+00
   4.2616261e+00
   4.7747416e+00
   4.8744372e+00
   4.6960485e+00
   5.3778545e+00
   5.2740786e+00
   4.7602674e+00
   4.2622016e+00
   4.3549222e+00
   4.0373582e+00
   3.7497502e+00
   4.0281068e+00
   3.4505413e+00
   3.9769275e+00
   8.7798284e+00
   9.2085506e+00
   9.2096796e+00
   8.2506775e+00
   7.6855935e+00
   3.1986755e+00
   4.0949800e+00
   4.3375875e+00
   3.6225751e+00
   4.2866660e+00
   4.4659050e+00
   4.2190970e+00
   4.1060095e+00
   2.6361013e+00
   2.6761316e+00
   2.6390056e+00
   2.4962724e+00
   1.5699475e+00
   2.9740348e+00
   8.5137077e+00
   8.7331304e+00
   8.5694193e+00
   8.9334640e+00
   8.5729107e+00
   8.7900374e+00
   8.6624284e+00
   8.2876622e+00
   3.5175992e+00
   3.4722217e+00
   3.8807864e+00
   3.2276350e+00
   1.9325575e+00
   1.4908593e+00
   7.7615709e+00
   7.9868449e+00
   7.9919813e+00
   2.7037872e+00
   3.4350433e+00
   2.1681985e+00
   8.2485493e+00
   8.0503274e+00
   8.5309633e+00
   8.2373134e+00
   3.5317951e+00
   3.3945860e+00
   3.7312928e+00
   4.0915096e+00
   4.6003816e+00
   5.5760947e+00
   5.0011140e+00
   4.8732174e+00
   4.1010703e+00
   4.5988440e+00
   4.1280343e+00
   3.2784354e+00
   4.3954928e+00
   3.9768244e+00
   3.8692226e+00
   3.5917052e+00
   4.6764976e+00
   4.2554155e+00
   9.2814321e+00
   8.5929700e+00
   8.6091304e+00
   8.4420844e+00
