24.9168
22.5917
21.0876
21.0148
20.2923
19.769
19.2432
18.6834
18.4769
17.9665
17.7244
17.0221
16.8348
16.5252
16.3167
16.1335
15.7378
15.2213
15.0044
14.6871
14.5001
14.3332
14.167
13.9925
13.7191
13.5009
13.411
13.2711
13.0933
12.9641
12.8093
12.7416
12.4269
12.2846
12.2537
12.0857
11.7405
11.6307
11.5819
11.3543
11.2871
11.1613
10.9944
10.9512
10.8458
10.6015
10.4658
10.4173
10.3162
10.0512
9.94414
9.81482
9.75658
9.58512
9.39684
9.34895
9.16455
9.1255
8.98483
8.97011
8.78928
8.68042
8.56146
8.50571
8.36258
8.3075
8.27607
8.16656
8.14448
8.03437
