   6.5681091e-01
   6.4474678e-01
   2.6029312e-01
   6.8448265e-01
   2.9238163e-02
   4.3415481e-01
   5.6483167e-02
   5.2100063e-01
   6.4572716e-01
   9.8874352e-01
   9.8951327e-02
   7.7415364e-01
   7.7037791e-01
   2.9251407e-01
   4.8492453e-01
   8.6055140e-01
   3.8076257e-02
   7.1345345e-01
   4.2886521e-01
   4.8030325e-01
   6.8824717e-01
   3.0634269e-01
   1.8661886e-01
   7.9899139e-01
   8.1427886e-01
   9.7410529e-01
   5.6135322e-01
   4.8137417e-01
   6.6244711e-01
   7.3182339e-01
   1.6669229e-01
   4.7233916e-01
   3.3850087e-01
   1.6875872e-01
   6.2424161e-01
   2.6814629e-01
   7.4930268e-01
   1.5293294e-02
   6.6881631e-01
   2.0745259e-01
   4.4375407e-01
   9.1810086e-01
   7.6569330e-01
   2.9240135e-01
   7.2271433e-01
   9.8968806e-01
   1.7777935e-01
   3.0372294e-02
   7.2472561e-01
   9.8823077e-01
   8.8837851e-01
   2.7304184e-01
   7.8206610e-01
   1.6054316e-01
   6.1716712e-01
   9.1232308e-01
   3.7665116e-01
   5.9923037e-02
   9.8135706e-01
   8.1513601e-01
   9.1792088e-02
   5.9463601e-01
   8.7701224e-01
   7.6736206e-01
   9.8102572e-01
   2.5217788e-01
   1.1986139e-01
   4.9538729e-01
   2.0480248e-01
   3.6867841e-02
