0.403774 
0.371177 
-0.642443 
0.480272 
-1.89211 
-0.165806 
-1.585 
0.052665 
0.37381 
2.28161 
-1.28755 
0.752596 
0.740092 
-0.546056 
-0.0377974 
1.0828 
-1.77346 
0.563501 
-0.179263 
-0.0493925 
0.490889 
-0.506242 
-0.890428 
0.838027 
0.893777 
1.94489 
0.154402 
-0.0467057 
0.41915 
0.618335 
-0.967323 
-0.0693921 
-0.416557 
-0.959084 
0.316641 
-0.61843 
0.672297 
-2.1624 
0.436646 
-0.815294 
-0.141458 
1.39241 
0.724736 
-0.546385 
0.590924 
2.3148 
-0.923859 
-1.87535 
0.596939 
2.26459 
1.21795 
-0.603638 
0.779191 
-0.992228 
0.298049 
1.3552 
-0.314288 
-1.55542 
2.08262 
0.896983 
-1.32979 
0.239487 
1.16018 
0.730186 
2.07541 
-0.667652 
-1.17568 
-0.0115619 
-0.82459 
-1.78825 
