5.07148
5.09903
5.32374
5.33005
5.64078
5.62292
5.71244
5.71141
5.67419
5.51471
5.49732
5.30331
5.27127
5.06349
5.1317
5.16135
5.31004
5.45666
5.62846
5.58478
5.52304
5.33073
5.16395
4.882
4.79478
4.62423
4.64914
4.63129
4.87092
4.92971
5.23391
5.38841
5.62328
5.69244
5.8369
5.77492
5.75419
5.57938
5.5055
5.24681
5.17213
5.09076
5.07689
5.18814
5.39507
5.43116
5.56973
5.50965
5.50811
5.30443
5.12339
4.86015
4.71176
4.39814
4.32548
4.18076
4.28097
4.20038
4.22849
4.21235
5.03286
5.13468
5.2439
5.43377
5.55452
5.66862
5.72868
5.75982
5.75579
5.66638
5.60281
5.3853
5.24265
5.13476
5.05047
5.12397
5.28353
5.40848
5.56166
5.68222
5.6458
5.58454
5.37095
5.08538
4.80457
4.52158
4.40769
4.48395
4.51676
4.75281
4.96251
5.20909
5.52461
5.73875
5.89523
5.95834
5.88684
5.77713
5.61087
5.46748
5.22494
5.08481
5.04205
5.09946
5.25827
5.43765
5.56802
5.71327
5.59744
5.48338
5.22224
5.07611
4.81035
4.52247
4.29838
4.17032
4.11742
4.13903
4.1093
4.17783
4.93048
5.08004
5.2485
5.43296
5.66402
5.71215
5.82483
5.92797
6.00119
5.88128
5.81827
5.54653
5.38145
5.19833
5.1103
5.06343
5.26066
5.43903
5.62925
5.7328
5.88637
5.82834
5.65301
5.24273
4.98949
4.61015
4.38789
4.25269
4.41794
4.5675
4.8251
5.00753
5.34589
5.58996
5.89841
6.07792
6.21813
6.00555
5.92089
5.63554
5.45597
5.22484
5.08751
5.04257
5.17961
5.33206
5.6329
5.70553
5.80873
5.75915
5.57548
5.22331
5.02141
4.70256
4.35987
4.10429
4.08714
4.07492
4.10417
4.08338
4.83746
5.01309
5.10104
5.32699
5.60748
5.72399
5.87593
6.04467
6.21852
6.1898
6.19551
5.83907
5.5368
5.32623
5.19684
5.10417
5.24475
5.47524
5.61972
5.78283
5.97632
6.12299
5.96454
5.65379
5.26948
4.79958
4.47052
4.17206
4.27353
4.43212
4.66133
4.84102
5.08875
5.3804
5.70214
6.0072
6.27643
6.40094
6.22566
5.89073
5.61221
5.33717
5.1644
5.07082
5.10395
5.34767
5.43419
5.75177
5.89053
6.0396
5.94237
5.627
5.18308
4.87338
4.50973
4.09646
3.99355
4.01828
3.99976
4.04217
4.97419
4.91532
5.07641
5.14484
5.56181
5.75145
5.9834
6.1424
6.41173
6.5425
6.6986
6.40342
5.88246
5.47663
5.34741
5.20211
5.18128
5.40644
5.66696
5.89265
6.13138
6.38082
6.47431
6.16915
5.69366
5.08421
4.78481
4.38424
4.15091
4.25452
4.42653
4.66252
5.00025
5.22269
5.61416
5.9113
6.25989
6.48262
6.6615
6.44981
5.93979
5.56726
5.33847
5.13992
5.09097
5.25977
5.53445
5.75974
5.97464
6.20053
6.33493
6.17784
5.66312
5.19035
4.82525
4.30772
4.005
4.01479
4.00266
3.97704
4.83289
4.87158
5.01324
5.15896
5.31869
5.67244
5.96328
6.22802
6.58664
6.94649
7.18717
7.1282
6.52139
5.8916
5.57977
5.35918
5.36899
5.5639
5.81134
6.12431
6.43395
6.75902
6.88712
6.91514
6.32356
5.64297
5.15728
4.81539
4.53531
4.4777
4.48575
4.65625
4.89045
5.17462
5.42735
5.85127
6.24374
6.70843
6.97687
7.01072
6.64525
6.10486
5.77468
5.47559
5.35011
5.49611
5.72889
5.96237
6.37629
6.61938
6.86415
6.85176
6.37414
5.76838
5.21165
4.73477
4.35828
4.17811
4.08486
4.01495
4.88127
4.86352
4.948
5.01821
5.27531
5.42274
5.83228
6.16344
6.6534
6.95322
7.51793
7.83565
7.99262
6.73254
6.11856
5.59578
5.50481
5.60627
5.92507
6.20694
6.59207
7.03099
7.57438
7.827
8.00782
6.34065
5.78678
5.15525
4.96629
4.75592
4.71791
4.70859
4.98943
5.14839
5.53092
5.8476
6.38684
6.83895
7.44837
7.81473
8.00795
6.95842
6.3925
5.92156
5.73569
5.6207
5.85138
6.12491
6.63157
6.99508
7.48897
7.82985
8.0145
6.65336
6.136
5.33735
4.84368
4.43733
4.35562
4.19652
4.8188
4.77451
4.84725
4.95351
5.02168
5.17664
5.461
5.8665
6.35786
6.70493
7.15782
7.73207
7.95955
7.49729
6.66031
5.956
5.57317
5.49818
5.63272
5.98893
6.35143
6.81635
7.33677
7.75667
7.96491
7.21783
6.2797
5.58075
5.17262
4.94437
4.80533
4.78114
4.79201
4.88821
5.13359
5.55448
6.08514
6.60342
7.14959
7.74045
7.95836
7.73921
6.91782
6.33779
5.89384
5.62951
5.63922
5.88725
6.28399
6.75889
7.22481
7.71311
8.01394
7.58299
6.69872
6.06776
5.37937
4.98956
4.61179
4.35954
4.92213
4.8233
4.84118
4.80389
4.9236
4.99825
5.20088
5.47261
6.02436
6.44652
6.84051
7.25432
7.99254
7.66821
7.23051
6.45614
5.96146
5.5249
5.50502
5.60567
6.1673
6.50405
7.03396
7.38491
8.02084
7.46871
6.73623
5.98824
5.51473
5.10585
4.97493
4.82264
4.88016
4.77862
4.91622
5.12653
5.73988
6.17746
6.74267
7.30688
8.00724
7.87868
7.59027
6.72947
6.30537
5.856
5.68346
5.64978
6.09438
6.39583
6.91867
7.3613
7.99923
7.77967
7.39147
6.61309
5.99709
5.48151
5.13406
4.68235
4.92522
4.80091
4.86418
4.80507
4.83154
4.84976
4.87307
5.07503
5.41367
5.93528
6.34382
6.79409
7.18199
7.38809
7.08208
6.7034
6.19948
5.75368
5.43091
5.30304
5.51852
6.06574
6.44791
6.89311
7.2444
7.08627
6.50654
6.02973
5.46526
5.16832
4.86921
4.73956
4.61003
4.63253
4.61473
4.73972
5.04168
5.56296
6.0837
6.72443
7.245
7.51657
7.47949
7.03563
6.40394
5.84879
5.4392
5.37565
5.5623
6.01983
6.30771
6.69455
7.28129
7.53058
7.40242
7.02903
6.48724
5.96971
5.52419
5.17238
5.00311
4.9435
5.00725
4.88753
4.86003
4.78915
4.75796
4.73319
4.91209
5.44054
6.01039
6.30049
6.82603
6.96848
6.99594
6.67917
6.38604
5.98179
5.5248
5.30873
5.1488
5.54758
6.03807
6.39023
6.84551
6.76698
6.4209
5.79434
5.57593
5.13651
4.94811
4.68867
4.59305
4.45122
4.38686
4.37049
4.49546
4.86875
5.50316
6.06048
6.7516
7.14141
7.28482
6.983
6.72239
6.07165
5.58739
5.09562
4.98715
5.29949
5.80455
6.15306
6.7426
6.96707
7.08488
6.89306
6.7203
6.26877
5.94276
5.51453
5.07727
5.04601
5.02085
5.1125
4.9922
4.89277
4.84766
4.91671
4.81969
5.09956
5.52964
5.96361
6.38817
6.61898
6.72397
6.63349
6.4487
6.14055
5.82452
5.52808
5.28256
5.4022
5.75113
6.06435
6.44969
6.39449
6.11352
5.68794
5.42031
5.08016
4.83978
4.64981
4.50467
4.38599
4.3238
4.34278
4.35783
4.53322
5.02249
5.55254
6.09891
6.69566
7.01266
6.98737
6.74321
6.43302
5.8615
5.38608
4.94292
4.93758
5.27043
5.67042
6.09527
6.43749
6.60028
6.6322
6.56287
6.35934
6.06278
5.72949
5.27087
5.18731
5.22981
5.25628
5.26176
5.08833
5.13389
5.01504
5.00154
5.0469
5.38689
5.55988
6.15646
6.29288
6.51847
6.45423
6.31269
6.24817
6.07634
5.78072
5.56059
5.48444
5.6672
5.86201
6.20947
6.22404
6.09542
5.60947
5.34819
5.01671
4.83478
4.6498
4.59242
4.33618
4.28539
4.235
4.25178
4.30837
4.63167
5.06416
5.74647
6.24222
6.74158
6.9015
6.87011
6.60837
6.27478
5.69624
5.19022
4.91609
4.97162
5.15241
5.75785
5.94934
6.25681
6.29884
6.4572
6.34946
6.15472
5.79897
5.32493
5.33817
5.32558
5.32326
5.2865
5.29984
5.22229
5.20028
5.17203
5.18757
5.26386
5.3745
5.64006
5.98606
6.14067
6.27374
6.30026
6.17071
6.12664
5.99527
5.89587
5.67781
5.85154
5.85479
5.92107
5.97314
5.80045
5.48052
5.15771
4.88726
4.71275
4.58445
4.45759
4.26776
4.20847
4.19607
4.16558
4.21757
4.40349
4.75914
5.28271
5.84859
6.41461
6.7494
6.81223
6.71725
6.39946
6.01553
5.52853
5.13441
4.86566
4.92259
5.03364
5.52256
5.77044
5.96512
6.0772
6.19778
6.13142
5.90006
5.34883
5.27745
5.44583
5.48759
5.52456
5.43467
5.46276
5.46197
5.43037
5.40873
5.48808
5.35482
5.56084
5.55236
5.83422
5.9645
6.12774
6.12373
6.13155
6.09166
6.04509
6.04567
6.09755
6.01133
6.03434
5.91415
5.77869
5.33177
5.03858
4.78645
4.63846
4.39425
4.40561
4.22251
4.13305
4.1039
4.15861
4.10745
4.27353
4.51154
5.03238
5.40737
5.98274
6.38857
6.72145
6.80869
6.66981
6.26476
5.97644
5.41255
5.11838
4.89404
4.94555
5.06551
5.40675
5.50844
5.76014
5.87316
5.97876
5.89227
5.13178
5.27508
5.37545
5.43692
5.57248
5.6638
5.66567
5.68294
5.69626
5.69878
5.69579
5.63861
5.44611
5.36999
5.45574
5.57057
5.78679
5.99467
6.03982
6.10562
6.1615
6.25545
6.36671
6.32487
6.21395
6.06284
5.7377
5.42108
4.92995
4.67832
4.5273
4.29188
4.1307
4.06344
3.88624
3.9185
3.92235
3.92997
3.99167
4.26852
4.61733
5.09407
5.55438
6.0603
6.45001
6.7235
6.80511
6.49799
6.23885
5.77906
5.2537
5.05315
4.8448
4.85923
5.04213
5.29224
5.48416
5.66847
5.75491
5.72899
5.14695
5.15329
5.32628
5.4446
5.58597
5.76392
5.93359
6.06344
6.18095
6.02695
6.13846
5.96694
5.87706
5.42912
5.41055
5.35322
5.48992
5.69927
5.9127
6.09484
6.12986
6.29163
6.58922
6.6256
6.56958
6.2291
5.96606
5.51602
5.06153
4.77133
4.65888
4.27592
4.1783
3.9789
3.91077
3.74732
3.77598
3.70767
3.83151
3.93025
4.33444
4.65348
5.2424
5.67965
6.29746
6.52539
6.80471
6.78691
6.50919
6.19785
5.75736
5.2216
5.059
4.7521
4.87924
4.96739
5.25068
5.41273
5.65159
5.70939
4.9774
5.0332
5.19707
5.30693
5.45037
5.6749
5.92906
6.12366
6.30129
6.47669
6.45005
6.39035
6.13706
5.71123
5.47744
5.32631
5.4248
5.53217
5.73666
5.98022
6.17773
6.32264
6.61909
6.81719
6.81956
6.62215
6.27323
5.77374
5.25119
4.91018
4.71536
4.38113
4.13791
3.99002
3.82787
3.64945
3.5625
3.4898
3.5251
3.67628
3.94419
4.31085
4.69015
5.22875
5.77309
6.28654
6.71678
6.85153
6.83145
6.60553
6.10023
5.61933
5.07543
4.83842
4.61646
4.73414
4.89665
5.13587
5.35341
5.53215
4.92861
4.8834
4.9824
5.08111
5.2767
5.50148
5.84782
6.12819
6.48922
6.69976
7.06348
6.88645
6.65377
5.95717
5.70208
5.45666
5.49827
5.53677
5.79768
5.92696
6.23103
6.47503
6.87238
7.09365
7.12822
6.91276
6.60042
6.06574
5.57438
5.14248
4.93254
4.60429
4.32185
4.1312
3.97471
3.69365
3.53699
3.38174
3.36521
3.44661
3.71254
4.01141
4.36988
4.84458
5.34278
5.84363
6.48249
6.795
7.02071
6.86279
6.73482
6.06571
5.5436
4.90744
4.69611
4.52876
4.69202
4.80161
5.15019
5.26868
4.77735
4.77965
4.76423
4.85228
5.00428
5.26159
5.53401
5.83601
6.25903
6.64313
7.03285
7.40743
7.06323
6.33289
5.91513
5.57218
5.41016
5.42627
5.59669
5.79859
5.99713
6.38955
6.87023
7.33921
7.47219
7.20799
6.93728
6.52945
5.88086
5.45527
5.16276
4.87387
4.56218
4.26918
4.00409
3.76648
3.57892
3.34464
3.21995
3.18806
3.30368
3.62282
3.932
4.31631
4.86529
5.44794
6.00315
6.5428
6.93873
7.14189
6.97781
6.67369
6.03388
5.2255
4.72767
4.48523
4.4844
4.57247
4.67015
4.93084
4.88709
4.84021
4.85152
4.67915
4.80743
4.927
5.25646
5.54841
5.97081
6.34051
6.86078
7.23317
7.98938
6.70271
6.25465
5.71322
5.55834
5.34229
5.45103
5.56022
5.85636
6.11834
6.63654
7.13307
7.98814
7.56848
7.32843
6.90041
6.41541
5.83254
5.51249
5.08165
4.90913
4.54768
4.33161
3.99985
3.83872
3.52198
3.32518
3.17234
2.98598
3.22203
3.62934
3.89252
4.45858
4.90565
5.61596
6.21931
6.73497
7.17618
7.31394
6.9944
6.68905
5.75336
5.03065
4.55614
4.52123
4.46806
4.64542
4.66493
4.8283
4.818
4.75888
4.74927
4.64999
4.74663
4.94541
5.20461
5.54196
6.03645
6.37866
6.75421
7.07046
6.63787
6.02761
5.69043
5.48724
5.34184
5.28706
5.32603
5.46872
5.78535
6.07554
6.69518
7.23723
7.59568
7.47572
7.24139
6.75544
6.25359
5.80367
5.40663
5.19637
4.86692
4.51764
4.23857
4.03755
3.74121
3.51474
3.28484
3.13602
3.11423
3.26487
3.59024
3.9756
4.42787
5.04299
5.77303
6.45599
7.13423
7.43558
7.34421
6.97875
6.35018
5.49274
4.67985
4.43183
4.46604
4.47031
4.53462
4.89715
4.88387
4.84819
4.74631
4.75452
4.67018
4.70516
4.88047
5.26482
5.68728
6.18818
6.44663
6.76776
6.35847
5.99721
5.46809
5.31956
5.17808
5.17473
5.06071
5.22696
5.41131
5.76115
6.10101
6.75975
7.1851
7.41005
7.27319
6.98044
6.58785
6.21311
5.7135
5.48812
5.22511
4.97718
4.49332
4.27159
4.002
3.75175
3.54083
3.35889
3.25151
3.26502
3.40773
3.81237
4.09223
4.65249
5.197
6.17189
6.82563
7.5243
7.71402
7.42149
6.76441
6.29102
5.32424
4.47358
4.38515
4.39349
4.37704
4.93524
4.96632
4.87083
4.89491
4.85028
4.73656
4.65449
4.59855
4.94881
5.47911
5.77385
6.17584
6.42545
6.13476
5.68137
5.26999
4.98839
4.96222
4.87045
4.91556
4.89811
5.06597
5.3041
5.67885
6.18202
6.60131
6.97401
7.12955
7.03653
6.79355
6.40605
6.02924
5.61542
5.45715
5.26469
4.94314
4.50704
4.19819
3.95714
3.718
3.51206
3.36294
3.30631
3.35836
3.49943
3.81699
4.17139
4.6591
5.41201
6.37389
7.33103
7.83889
7.72381
7.19222
6.6649
6.06545
5.2607
4.73433
4.49131
4.41187
5.01013
4.98865
5.02533
4.94355
4.95212
4.87301
4.85855
4.72113
4.64449
5.20391
5.73352
5.85011
6.26041
6.03365
5.63791
5.10904
4.87417
4.79216
4.73224
4.633
4.66295
4.713
4.9882
5.29026
5.74725
6.13542
6.59517
6.78851
6.96411
6.77199
6.65232
6.29786
5.94478
5.62523
5.47065
5.25003
5.08121
4.48872
4.24508
3.99681
3.86847
3.49359
3.47114
3.43126
3.53246
3.60868
3.97144
4.23694
4.85464
5.76117
6.91708
7.77151
8.03122
7.51137
7.07205
6.49195
6.09459
5.29518
4.99174
4.70058
4.85266
5.00947
5.04102
5.06442
4.99705
4.97153
4.90894
4.96483
4.84215
5.21835
5.51007
5.75781
5.89428
5.80584
5.41431
4.93439
4.62164
4.59604
4.5947
4.52101
4.48437
4.53932
4.68736
4.98634
5.35024
5.68584
6.05654
6.41859
6.69795
6.69469
6.65259
6.41356
6.07829
5.77877
5.57113
5.36112
5.12657
4.84177
4.43832
4.0999
3.94349
3.68993
3.51928
3.4776
3.49733
3.48872
3.63921
3.91972
4.39517
5.00781
5.92528
7.31462
8.02519
7.7308
7.25995
6.8063
6.38283
5.87641
5.34301
5.05572
4.92398
4.95674
5.00927
5.14189
5.20947
5.13061
5.1736
5.12438
5.14458
5.36789
5.76272
5.91678
6.0258
5.63207
5.31217
4.72792
4.40177
4.40339
4.43227
4.39014
4.39476
4.36798
4.53846
4.68439
5.12798
5.36957
5.88904
6.14922
6.4791
6.58971
6.57675
6.51881
6.35847
5.99437
5.77669
5.49834
5.38255
5.01914
4.74588
4.2693
4.08485
3.80086
3.64299
3.50169
3.49466
3.49706
3.56622
3.61073
4.03413
4.53282
5.313
5.99884
8.02256
7.86218
7.47676
7.0312
6.68046
6.24777
5.80117
5.33441
4.68463
4.94624
4.96212
5.0321
5.14615
5.26373
5.28153
5.30631
5.3729
5.60549
5.84334
6.07631
6.07068
5.71206
5.19912
4.71661
4.20665
4.14562
4.19212
4.19716
4.27661
4.27616
4.33785
4.57712
4.82972
5.15585
5.51202
5.85879
6.15225
6.40972
6.51151
6.5162
6.44706
6.31615
6.02615
5.6875
5.5031
5.22486
4.92475
4.62438
4.22287
3.94539
3.71061
3.57884
3.53528
3.47835
3.51378
3.55749
3.70287
4.24171
4.72173
5.31285
6.08192
7.07592
7.14838
6.94572
6.68233
6.43094
6.01451
5.55218
4.66448
4.70741
4.89601
4.90544
5.12045
5.27126
5.46097
5.56506
5.63983
5.78036
6.20306
6.27703
6.39979
5.87587
5.36191
4.70488
4.17133
3.95997
4.03124
4.02049
4.11656
4.07458
4.17992
4.28942
4.62174
4.85988
5.25071
5.5443
6.00286
6.15803
6.43189
6.43362
6.32549
6.42971
6.29208
5.96105
5.69877
5.48285
5.19927
4.84461
4.59579
4.17007
3.93603
3.68945
3.60393
3.50782
3.52293
3.51091
3.60278
3.96212
4.51257
4.87294
5.46772
6.18731
6.61975
6.57485
6.26843
6.19771
6.10021
5.70827
4.52819
4.61287
4.66414
4.85938
4.92687
5.16321
5.38335
5.58665
5.72323
6.07802
6.3696
6.63871
6.55991
6.11909
5.51302
4.8578
4.20812
3.91023
3.87729
3.80134
3.81158
3.82808
3.94881
4.11859
4.31501
4.60135
4.87535
5.2563
5.54084
5.95424
6.21609
6.47077
6.46895
6.36309
6.41603
6.2188
5.99592
5.6685
5.45965
5.14821
4.7585
4.31897
3.97058
3.77098
3.61063
3.58542
3.52204
3.5449
3.54005
3.81325
4.24227
4.66172
4.98744
5.42788
5.88966
6.20147
6.18913
5.9723
5.86831
5.67931
4.39858
4.35651
4.56009
4.66371
4.8369
4.98576
5.24611
5.45538
5.75425
6.15835
6.65866
6.88671
7.00718
6.41469
5.93217
5.17208
4.44663
3.99605
3.81415
3.74215
3.72254
3.66746
3.78638
3.86194
4.10224
4.33069
4.65486
5.02938
5.36359
5.57873
5.99596
6.21203
6.51105
6.52322
6.52746
6.48019
6.4276
6.10282
5.77133
5.43671
5.13879
4.62043
4.22678
3.86769
3.74985
3.62862
3.57638
3.60934
3.60404
3.74947
4.11729
4.45327
4.82483
5.04592
5.48257
5.67991
5.89054
5.83412
5.74233
5.60179
4.24153
4.26788
4.28528
4.44053
4.4983
4.75028
4.98729
5.26888
5.57625
6.09528
6.62115
7.11967
7.35057
6.78356
6.13461
5.53329
4.70521
4.22134
3.86976
3.75618
3.65624
3.58832
3.58221
3.69963
3.81195
4.02082
4.29522
4.66484
5.03336
5.3141
5.6138
6.01889
6.29677
6.48436
6.66017
6.62536
6.59148
6.48943
6.21297
5.80612
5.40549
5.05353
4.48829
4.00885
3.77115
3.74149
3.64603
3.62129
3.63605
3.66441
3.9481
4.28125
4.64668
4.87379
5.10111
5.4386
5.53585
5.60786
5.55921
5.52718
4.22398
4.21262
4.25679
4.26311
4.40976
4.50074
4.76357
4.94387
5.33013
5.8053
6.47348
7.04594
7.97384
7.17795
6.61873
5.87791
5.2212
4.51053
4.15387
3.74905
3.66763
3.47637
3.52839
3.54111
3.71195
3.87409
4.13666
4.28547
4.84372
5.00927
5.36702
5.61516
6.06485
6.3771
6.65574
6.83794
6.77116
6.89005
6.84394
6.36863
5.94903
5.38167
4.97174
4.39972
3.93612
3.8106
3.74139
3.6025
3.6752
3.6742
3.98233
4.11951
4.57896
4.67859
5.02006
5.07866
5.40755
5.4646
5.485
5.46597
4.24386
4.15552
4.10164
4.15855
4.18675
4.27371
4.41164
4.62059
4.94256
5.42976
6.03345
6.6881
7.46934
7.48711
6.87582
6.15625
5.47376
4.82876
4.31204
3.85883
3.61305
3.4228
3.31794
3.35717
3.42927
3.61542
3.76321
4.01252
4.27232
4.64011
4.92895
5.29221
5.58043
6.02058
6.37539
6.69839
6.89975
7.06551
7.20941
6.93704
6.47099
5.97848
5.41611
4.83276
4.31329
3.99554
3.80526
3.69586
3.65127
3.64355
3.80888
4.01259
4.33369
4.52882
4.81172
4.94023
5.13538
5.24553
5.31276
5.36478
4.35511
4.20636
4.18144
4.0715
4.03787
4.04895
4.2334
4.36889
4.66
5.1448
5.68672
6.31478
7.11072
7.32733
7.09708
6.44482
5.81015
5.10609
4.66942
4.14052
3.81602
3.44482
3.32092
3.22367
3.28909
3.368
3.61884
3.7295
3.99808
4.17469
4.58106
4.79897
5.25182
5.54635
6.08584
6.44086
6.81638
7.0835
7.34416
7.46866
7.18458
6.58206
6.18348
5.45384
4.88787
4.36744
4.05877
3.85161
3.75244
3.72333
3.84054
3.94597
4.22462
4.34348
4.62689
4.78919
5.02486
5.1852
5.35061
5.27912
4.4324
4.35752
4.21352
4.21303
4.08275
3.98399
4.00918
4.05882
4.27814
4.79873
5.33417
5.88821
6.58992
6.97902
6.95336
6.73344
6.07227
5.50864
4.94453
4.50509
3.99684
3.55624
3.23929
3.07326
3.01871
3.20277
3.32353
3.51056
3.69737
3.83513
4.06397
4.42514
4.75233
5.13142
5.44865
6.03855
6.49183
6.87862
7.32154
7.79173
8.01442
7.21034
6.73085
6.22743
5.57931
5.00618
4.50237
4.1162
3.91435
3.79059
3.84834
3.91958
4.0735
4.25983
4.37362
4.58872
4.78445
5.00443
5.10576
5.18513
4.68959
4.46742
4.41134
4.26646
4.19578
4.03287
3.99174
4.0285
3.96931
4.38083
5.01417
5.48691
6.18018
6.64136
6.83879
6.72257
6.23282
5.78458
5.30405
4.81154
4.46716
3.81996
3.52985
3.17611
2.99944
3.08219
3.24562
3.32936
3.53958
3.66511
3.85038
3.99567
4.47171
4.64629
5.00225
5.43291
6.00537
6.43049
6.96824
7.38787
8.00635
7.88572
7.337
6.90603
6.48768
5.77069
5.26871
4.69425
4.42323
4.01925
4.00875
3.9169
4.11003
4.06843
4.29469
4.37894
4.71596
4.83319
5.04267
5.08232
4.76077
4.67302
4.52218
4.41873
4.31917
4.1688
4.07702
4.03918
4.01052
4.23488
4.68432
5.15812
5.80741
6.27115
6.42982
6.51781
6.3868
5.96695
5.51429
5.02599
4.63509
4.15069
3.69775
3.43004
3.14081
3.07334
3.18277
3.22741
3.31647
3.44878
3.61096
3.77111
3.94448
4.25585
4.51608
4.84361
5.31333
5.84739
6.39919
6.87401
7.37267
7.71576
7.73041
7.39086
6.96861
6.52074
5.89667
5.32401
4.77698
4.47766
4.19575
4.01396
3.98096
3.9947
4.04723
4.20508
4.3483
4.58963
4.77872
4.90171
4.94492
4.80645
4.70305
4.55893
4.51302
4.36865
4.22433
4.12847
4.07868
4.24018
4.56294
4.95958
5.59918
5.95973
6.23757
6.34436
6.32915
6.10966
5.85566
5.38589
4.95525
4.39623
4.04158
3.61712
3.37858
3.20951
3.22842
3.26267
3.32625
3.33287
3.53107
3.60891
3.76856
3.94284
4.22291
4.41991
4.7859
5.26449
5.86003
6.3436
6.85852
7.27838
7.63146
7.59901
7.43169
7.09365
6.72515
6.04086
5.55308
4.95158
4.72383
4.29629
4.05698
3.89408
3.93446
4.03529
4.24489
4.40098
4.62302
4.71173
5.00858
4.96691
4.85943
4.72406
4.63684
4.52669
4.37687
4.24116
4.12668
4.18965
4.50432
4.74878
5.29703
5.72105
5.97628
6.10858
6.17997
6.1031
5.92454
5.58468
5.17136
4.68139
4.24079
3.89933
3.5473
3.35229
3.30948
3.29229
3.31944
3.34083
3.34876
3.45224
3.56438
3.68906
3.84515
4.06311
4.34844
4.77971
5.199
5.6717
6.22712
6.70263
7.06015
7.29058
7.44862
7.37928
7.09679
6.8013
6.24138
5.71729
5.13352
4.77855
4.35891
3.97757
3.82136
3.89113
4.01154
4.14353
4.31243
4.54248
5.13242
5.05959
5.0736
4.9103
4.91314
4.69937
4.57223
4.41451
4.38457
4.28692
4.53555
4.69404
5.22122
5.44362
5.84482
5.89158
6.07573
6.13885
6.05931
5.81493
5.54953
4.93024
4.5057
4.12081
3.89215
3.4978
3.4265
3.37229
3.3952
3.38401
3.41148
3.42861
3.56232
3.58356
3.7144
3.84568
4.06408
4.40791
4.82712
5.23118
5.69418
6.16402
6.5935
6.89304
7.07757
7.33403
7.30896
7.21493
7.03641
6.45426
5.98934
5.32288
5.08125
4.30997
4.04242
3.87668
3.92579
4.01491
4.21551
4.34519
5.05416
5.1424
5.10793
5.05787
4.90929
4.87027
4.70738
4.50068
4.38837
4.36529
4.51499
4.60799
4.94911
5.33669
5.586
5.87366
5.98858
6.15701
6.08616
5.88753
5.65746
5.24806
4.71674
4.34213
4.06593
3.65084
3.49203
3.4168
3.39639
3.39908
3.41081
3.46976
3.4875
3.56125
3.61147
3.69547
3.86697
4.15724
4.44751
4.84116
5.21242
5.73241
6.15233
6.49898
6.71931
7.00402
7.29317
7.30711
7.28702
7.21346
6.71421
6.09668
5.42969
4.82983
4.28438
3.9942
3.92228
3.9553
4.04047
4.1865
5.09279
5.14893
5.21704
5.10785
5.13255
4.96178
4.94739
4.72863
4.61131
4.41918
4.56345
4.65471
4.88795
5.15864
5.45751
5.69789
5.9212
6.12458
6.18154
5.92984
5.84206
5.46236
5.13388
4.55906
4.23426
3.81622
3.65513
3.4715
3.4892
3.46848
3.47044
3.45351
3.51322
3.5334
3.63083
3.68456
3.78733
3.96267
4.24815
4.57528
4.94428
5.21416
5.75563
6.02592
6.40469
6.61329
6.91206
7.21231
7.44425
7.48209
7.40819
6.82109
6.25276
5.41092
5.038
4.39597
3.97433
3.97833
4.04606
4.07283
5.07275
5.09381
5.18727
5.21843
5.20258
5.09571
5.04371
4.91322
4.76346
4.59401
4.57546
4.66714
4.76774
4.96376
5.24961
5.4766
5.74332
6.00556
6.20886
6.0998
5.90954
5.63358
5.22569
4.84913
4.41783
3.96345
3.62255
3.51453
3.47704
3.48857
3.49271
3.49946
3.53185
3.56585
3.5805
3.67719
3.76578
3.81623
4.07182
4.33888
4.74356
4.90882
5.30774
5.69517
5.91054
6.16704
6.50812
6.81589
7.22841
7.58535
7.76229
7.6457
6.85713
6.14664
5.56228
5.15459
4.7229
4.32053
4.22577
4.12276
5.1044
5.11477
5.21809
5.33891
5.35691
5.29542
5.28972
5.19525
5.07202
4.84789
4.81816
4.72593
4.84798
4.81612
5.12836
5.33528
5.60744
5.85156
6.2115
6.23124
6.08722
5.8343
5.52962
5.06789
4.7094
4.09371
3.73472
3.53137
3.52537
3.52486
3.51035
3.46254
3.55197
3.54368
3.61064
3.65547
3.7618
3.80907
3.96349
4.14469
4.60829
4.76377
5.15365
5.36198
5.64383
5.89845
6.13477
6.40413
6.66766
7.33415
7.77623
7.93889
7.99385
6.75328
6.1795
5.68435
5.40291
4.99889
4.8063
4.5078
5.12934
5.18511
5.23042
5.30031
5.43918
5.44258
5.4031
5.38868
5.28971
5.20641
4.95997
4.87036
4.84125
4.82426
4.87928
5.12198
5.44037
5.68929
6.00421
6.2504
6.27927
6.13598
5.75837
5.30569
4.85891
4.29308
3.83029
3.56601
3.48366
3.50125
3.46827
3.42924
3.45169
3.50569
3.5136
3.57468
3.65984
3.73664
3.86404
4.01565
4.32908
4.67433
4.95496
5.22975
5.37596
5.53984
5.70585
6.02364
6.36267
6.84582
7.38573
7.90033
8.00854
7.20985
6.5691
6.13193
5.73947
5.46024
5.09133
4.8871
5.06501
5.09415
5.23464
5.36568
5.54716
5.60458
5.62869
5.59637
5.59141
5.39267
5.37362
5.11557
5.02339
4.82863
4.89423
4.92891
5.33313
5.51709
5.8848
6.1526
6.36435
6.35955
6.12278
5.6262
5.20188
4.48432
4.04033
3.6287
3.52865
3.46329
3.49061
3.43533
3.46887
3.46516
3.55101
3.51771
3.60043
3.62539
3.76159
3.92216
4.24222
4.48499
4.87954
5.13251
5.37359
5.37103
5.50471
5.55525
6.02715
6.41224
6.79827
7.16309
7.99412
7.3941
6.80403
6.31667
6.08502
5.72663
5.59126
5.22888
4.99223
5.0956
5.23155
5.38669
5.57604
5.75241
5.85078
5.87283
5.96165
5.83401
5.634
5.44454
5.1533
4.98654
4.91096
4.88515
5.14695
5.42683
5.80614
6.02108
6.27445
6.53718
6.31818
5.99124
5.4775
4.81076
4.22059
3.77358
3.56257
3.5036
3.46139
3.42581
3.38196
3.41798
3.44739
3.46815
3.45955
3.52386
3.58841
3.76303
4.02817
4.40784
4.74153
5.08777
5.21679
5.38931
5.42974
5.41401
5.6698
6.04433
6.35306
6.53976
6.82712
6.87703
6.55131
6.23473
6.03355
5.88045
5.66913
5.45627
5.02034
4.99724
5.21546
5.35947
5.57776
5.73932
6.01286
6.11274
6.21252
6.2367
6.26068
5.99387
5.6971
5.24044
5.08622
4.92775
4.97039
5.21175
5.6245
5.98139
6.28185
6.54054
6.63467
6.23971
5.92893
5.16749
4.62226
4.0377
3.67452
3.57452
3.52483
3.39862
3.43481
3.36017
3.37114
3.40884
3.43897
3.3999
3.52191
3.61519
3.98017
4.12276
4.56882
4.93136
5.3333
5.37258
5.56328
5.51292
5.39404
5.88338
6.12993
6.21469
6.3593
6.22357
6.22979
5.7734
5.79419
5.79367
5.64114
5.42926
4.92436
5.06411
5.18282
5.33345
5.48587
5.77844
5.9798
6.35563
6.61679
6.78709
6.86797
6.73878
6.21522
5.84226
5.31857
5.11395
4.97996
5.20754
5.48711
5.84386
6.17952
6.55773
6.78979
6.61259
6.21963
5.67719
4.99876
4.3548
3.95015
3.68157
3.51186
3.42529
3.37685
3.29898
3.32201
3.29379
3.30065
3.29413
3.33947
3.44901
3.66392
3.98808
4.29943
4.65239
5.03764
5.33481
5.53408
5.61942
5.58403
5.9078
6.14938
6.13323
6.13957
5.96015
5.70142
5.38396
5.42596
5.47578
5.52959
5.40647
4.8353
4.81846
5.05869
5.16746
5.43715
5.63742
5.91422
6.29242
6.76274
7.099
7.50304
7.75823
7.9997
6.48218
6.05853
5.50471
5.34487
5.31817
5.54761
5.81433
6.2774
6.58998
7.0521
7.02782
6.72581
6.11436
5.54477
4.92107
4.34601
4.00793
3.77224
3.53721
3.47041
3.35873
3.31902
3.26116
3.21951
3.18437
3.19393
3.2353
3.4825
3.69963
4.00197
4.39074
4.85479
5.15732
5.46918
5.69757
5.77628
6.01524
6.3298
6.30618
6.20877
5.76643
5.6364
5.13163
5.05522
5.15546
5.25219
5.21809
4.634
4.64443
4.70579
4.89875
5.0192
5.28993
5.59265
5.95576
6.36439
6.76334
7.27819
7.68328
7.95092
7.46107
6.49651
5.97596
5.61632
5.3914
5.45896
5.70117
6.09887
6.58779
7.03455
7.43047
7.19543
6.62043
6.03216
5.444
4.9288
4.41171
4.10692
3.84991
3.59954
3.44683
3.35284
3.25416
3.22773
3.17817
3.08381
3.06249
3.15013
3.37765
3.63457
4.08898
4.5129
4.93956
5.22307
5.58724
5.84575
6.11472
6.4539
6.51459
6.27657
5.90519
5.52733
5.01518
4.78639
4.85738
4.95219
4.96956
4.58204
4.50057
4.54271
4.50394
4.77569
4.83594
5.10298
5.4317
5.9445
6.40934
6.85126
7.29578
8.00712
7.70273
7.19289
6.45436
5.98049
5.5797
5.45676
5.53849
5.94589
6.35681
6.98367
7.32996
8.00864
7.11427
6.59242
6.05911
5.54257
4.88885
4.58891
4.26261
4.05683
3.6994
3.61479
3.3664
3.32845
3.22432
3.12256
3.01885
2.94213
3.13444
3.4113
3.65795
4.27083
4.58821
5.0296
5.36735
5.84398
6.20454
6.71388
6.87001
6.55352
6.07846
5.63111
4.98266
4.52919
4.62724
4.73863
4.77553
4.32599
4.38237
4.31773
4.23274
4.27044
4.39986
4.53886
4.70798
5.15259
5.80921
6.18694
6.72188
7.22385
7.43716
7.17782
6.71377
6.17821
5.77666
5.54007
5.43921
5.63873
6.04012
6.47766
7.00389
7.38365
7.42015
6.90535
6.44708
5.9591
5.41612
4.90762
4.63438
4.33666
4.15734
3.8986
3.65873
3.4964
3.3812
3.28127
3.17884
3.11164
3.06833
3.22576
3.40301
3.73482
4.17832
4.6709
5.07732
5.50932
6.11132
6.67465
7.07818
6.99199
6.38056
5.91376
5.27304
4.67444
4.54168
4.52691
4.59517
4.44197
4.30458
4.27015
4.14415
4.1193
4.06341
4.08444
4.16335
4.26878
5.0082
5.66361
6.10084
6.67333
6.98503
6.97678
6.60733
6.28049
5.84792
5.58773
5.45179
5.51235
5.70133
6.16758
6.49276
7.04801
7.17239
7.11046
6.64255
6.36891
5.81249
5.47919
5.07012
4.76212
4.54972
4.34541
4.0309
3.86285
3.64108
3.53597
3.39918
3.33048
3.22873
3.22479
3.31024
3.55627
3.89539
4.35443
4.74199
5.28637
5.90546
6.63668
7.1467
7.36245
6.72226
6.3028
5.5774
4.9179
4.5758
4.54761
4.53214
4.39669
4.34275
4.22584
4.09732
4.06972
3.96847
3.96011
4.0077
4.11789
4.40308
5.10409
5.65298
6.09489
6.52208
6.63842
6.54886
6.165
5.8409
5.51457
5.26343
5.27515
5.47715
5.74482
6.13484
6.49625
6.89266
6.82543
6.80015
6.42281
6.04624
5.71766
5.44422
5.12344
4.81336
4.62329
4.42461
4.12948
3.93523
3.8054
3.65364
3.4845
3.46626
3.38844
3.41711
3.45235
3.59666
3.97631
4.49215
4.86404
5.53039
6.33196
7.08936
7.59018
7.11435
6.56391
5.96987
5.21822
4.72924
4.61434
4.52863
4.50749
4.40137
4.34034
4.21213
4.17029
4.01543
4.00391
3.90023
3.93435
4.18619
4.71204
5.12011
5.77184
6.08319
6.33672
6.32374
6.29302
5.90187
5.69737
5.24795
5.11095
5.12449
5.45632
5.7114
6.10493
6.37841
6.61438
6.51312
6.50104
6.16166
5.87979
5.62964
5.53686
5.12895
4.90791
4.69922
4.61261
4.22863
4.06417
3.85976
3.80948
3.63604
3.5423
3.43554
3.56379
3.50613
3.75022
4.08993
4.64795
5.11856
6.04403
6.72943
8.0108
7.45918
6.97325
6.31356
5.70893
5.07002
4.82589
4.57851
4.39536
4.42436
4.37764
4.29175
4.18789
4.16437
4.05515
3.94667
3.87585
4.03382
4.41567
4.82984
5.29364
5.79377
6.03835
6.07882
6.08505
5.87945
5.69903
5.44571
5.18305
5.1071
5.26857
5.48512
5.6998
6.00694
6.20302
6.31811
6.33866
6.16832
5.95137
5.75269
5.49371
5.3409
5.08434
4.89837
4.65438
4.42699
4.23437
4.08173
3.89056
3.76838
3.64136
3.54697
3.47722
3.50763
3.55472
3.79467
4.16163
4.66469
5.42138
6.21674
7.09073
7.47701
7.09452
6.62066
5.9459
5.41296
4.99656
4.74547
4.38249
4.36366
4.40023
4.30417
4.28787
4.17385
4.13698
4.02976
4.01287
3.95887
4.28585
4.51237
5.04798
5.40318
5.81246
5.79489
5.98924
5.86803
5.70252
5.51439
5.33399
5.14402
5.21397
5.29
5.62631
5.71744
5.9919
5.9666
6.12361
6.08732
5.9279
5.69127
5.5606
5.40455
5.24113
5.01039
4.89073
4.6367
4.48324
4.22903
4.10597
3.85132
3.78871
3.61277
3.59737
3.4947
3.52329
3.60016
3.87746
4.28033
5.00052
5.58278
6.66449
6.99121
7.09294
6.73302
6.20588
5.69919
5.25679
4.88287
4.27703
4.33066
4.31023
4.27168
4.31014
4.2229
4.16137
4.11307
4.03745
3.95272
4.09568
4.32934
4.73094
5.09073
5.40322
5.65027
5.71219
5.6715
5.55441
5.47193
5.35002
5.14947
5.12757
5.24691
5.32323
5.56907
5.72337
5.77737
5.81125
5.8192
5.71292
5.66479
5.54618
5.4401
5.19021
5.09537
4.88441
4.74907
4.56729
4.38171
4.21117
4.07798
3.86859
3.73131
3.68254
3.61654
3.57521
3.58985
3.67163
4.00217
4.53254
5.08766
5.98903
6.51157
6.69302
6.60926
6.26118
5.79604
5.43219
5.06731
